# nlayers	|E|^2	slope = -0.01831673624300767
0.000000000000000000e+00	6.440223034003239588e-01
1.000000000000000000e+00	6.010717789695194657e-01
2.000000000000000000e+00	5.610336920236669300e-01
3.000000000000000000e+00	5.237033130657358093e-01
4.000000000000000000e+00	4.888898973153634198e-01
5.000000000000000000e+00	4.564158020824491402e-01
6.000000000000000000e+00	4.261156625582510626e-01
7.000000000000000000e+00	3.978356214458694806e-01
8.000000000000000000e+00	3.714326081825518600e-01
9.000000000000000000e+00	3.467736638200504817e-01
1.000000000000000000e+01	3.237353079271058642e-01
1.100000000000000000e+01	3.022029441608959366e-01
1.200000000000000000e+01	2.820703014225895422e-01
1.300000000000000000e+01	2.632389077666227317e-01
1.400000000000000000e+01	2.456175944744676820e-01
1.500000000000000000e+01	2.291220279319159669e-01
1.600000000000000000e+01	2.136742671646564284e-01
1.700000000000000000e+01	1.992023450904923665e-01
1.800000000000000000e+01	1.856398717382030661e-01
1.900000000000000000e+01	1.729256578630466723e-01
2.000000000000000000e+01	1.610033575574489895e-01
2.100000000000000000e+01	1.498211286126978070e-01
2.200000000000000000e+01	1.393313095336614904e-01
2.300000000000000000e+01	1.294901122438285035e-01
2.400000000000000000e+01	1.202573296424916671e-01
2.500000000000000000e+01	1.115960572898533620e-01
2.600000000000000000e+01	1.034724285993703918e-01
2.700000000000000000e+01	9.585536300999962511e-02
2.800000000000000000e+01	8.871632669434119378e-02
2.900000000000000000e+01	8.202910543224488371e-02
3.000000000000000000e+01	7.576958934349733998e-02
3.100000000000000000e+01	6.991556922801940577e-02
3.200000000000000000e+01	6.444654430788759880e-02
3.300000000000000000e+01	5.934354120277822442e-02
3.400000000000000000e+01	5.458894399948881898e-02
3.500000000000000000e+01	5.016633529740930492e-02
3.600000000000000000e+01	4.606034812561733693e-02
3.700000000000000000e+01	4.225652863411338139e-02
3.800000000000000000e+01	3.874120946206369848e-02
3.900000000000000000e+01	3.550139368028977505e-02
4.000000000000000000e+01	3.252464919415437583e-02
4.100000000000000000e+01	2.979901347699227820e-02
4.200000000000000000e+01	2.731290848387946460e-02
4.300000000000000000e+01	2.505506557140425167e-02
4.400000000000000000e+01	2.301446022178236378e-02
4.500000000000000000e+01	2.118025633973723634e-02
4.600000000000000000e+01	1.954175985864118475e-02
4.700000000000000000e+01	1.808838135907495440e-02
4.800000000000000000e+01	1.680960736879830164e-02
4.900000000000000000e+01	1.569497997871026687e-02
5.000000000000000000e+01	1.473408437527513881e-02
5.100000000000000000e+01	1.391654385664328579e-02
5.200000000000000000e+01	1.323202186782571066e-02
5.300000000000000000e+01	1.267023056028124608e-02
5.400000000000000000e+01	1.222094535361059782e-02
5.500000000000000000e+01	1.187402495215223071e-02
5.600000000000000000e+01	1.161943624753458519e-02
5.700000000000000000e+01	1.144728352001148954e-02
5.800000000000000000e+01	1.134784133700347461e-02
5.900000000000000000e+01	1.131159053695376428e-02
