# nlayers	|E|^2	slope = -0.013671543116416534
0.000000000000000000e+00	6.350217457368214635e-01
1.000000000000000000e+00	5.902427388802138353e-01
2.000000000000000000e+00	5.486118521999867603e-01
3.000000000000000000e+00	5.099097187904266804e-01
4.000000000000000000e+00	4.739323451978420532e-01
5.000000000000000000e+00	4.404900099749520237e-01
6.000000000000000000e+00	4.094062403612964696e-01
7.000000000000000000e+00	3.805168618410546544e-01
8.000000000000000000e+00	3.536691156870099828e-01
9.000000000000000000e+00	3.287208399289696104e-01
1.000000000000000000e+01	3.055397094887883358e-01
1.100000000000000000e+01	2.840025315043252507e-01
1.200000000000000000e+01	2.639945921230171244e-01
1.300000000000000000e+01	2.454090512840998994e-01
1.400000000000000000e+01	2.281463822285035026e-01
1.500000000000000000e+01	2.121138526786784384e-01
1.600000000000000000e+01	1.972250448185612071e-01
1.700000000000000000e+01	1.833994113779443547e-01
1.800000000000000000e+01	1.705618652869830276e-01
1.900000000000000000e+01	1.586424005166606199e-01
2.000000000000000000e+01	1.475757418608790450e-01
2.100000000000000000e+01	1.373010215464790518e-01
2.200000000000000000e+01	1.277614806799018121e-01
2.300000000000000000e+01	1.189041936542574590e-01
2.400000000000000000e+01	1.106798137490780098e-01
2.500000000000000000e+01	1.030423382577433794e-01
2.600000000000000000e+01	9.594889157512775935e-02
2.700000000000000000e+01	8.935952477102350466e-02
2.800000000000000000e+01	8.323703026387421766e-02
2.900000000000000000e+01	7.754677029474492389e-02
3.000000000000000000e+01	7.225651798367205281e-02
3.100000000000000000e+01	6.733630982989446956e-02
3.200000000000000000e+01	6.275830859424595676e-02
3.300000000000000000e+01	5.849667557641012594e-02
3.400000000000000000e+01	5.452745137196604586e-02
3.500000000000000000e+01	5.082844426430815216e-02
3.600000000000000000e+01	4.737912547468535462e-02
3.700000000000000000e+01	4.416053055980798808e-02
3.800000000000000000e+01	4.115516631071619580e-02
3.900000000000000000e+01	3.834692256886249040e-02
4.000000000000000000e+01	3.572098843557230258e-02
4.100000000000000000e+01	3.326377240913041405e-02
4.200000000000000000e+01	3.096282603959569016e-02
4.300000000000000000e+01	2.880677074495732737e-02
4.400000000000000000e+01	2.678522748328576730e-02
4.500000000000000000e+01	2.488874902396985903e-02
4.600000000000000000e+01	2.310875460683237473e-02
4.700000000000000000e+01	2.143746682074698998e-02
4.800000000000000000e+01	1.986785057321410752e-02
4.900000000000000000e+01	1.839355405906957508e-02
5.000000000000000000e+01	1.700885166999635198e-02
5.100000000000000000e+01	1.570858881668888915e-02
5.200000000000000000e+01	1.448812866231363738e-02
5.300000000000000000e+01	1.334330078925987338e-02
5.400000000000000000e+01	1.227035184105378963e-02
5.500000000000000000e+01	1.126589819770646046e-02
5.600000000000000000e+01	1.032688075570132973e-02
5.700000000000000000e+01	9.450521893342094665e-03
5.800000000000000000e+01	8.634284708347976511e-03
5.900000000000000000e+01	7.875834617496758547e-03
6.000000000000000000e+01	7.173003407900053856e-03
6.100000000000000000e+01	6.523755826299094257e-03
6.200000000000000000e+01	5.926158786766963157e-03
6.300000000000000000e+01	5.378353268591866410e-03
6.400000000000000000e+01	4.878528965115594244e-03
6.500000000000000000e+01	4.424901731150525722e-03
6.600000000000000000e+01	4.015693861554882858e-03
6.700000000000000000e+01	3.649117216881445861e-03
6.800000000000000000e+01	3.323359194014345510e-03
6.900000000000000000e+01	3.036571520666334328e-03
7.000000000000000000e+01	2.786861832825999856e-03
7.100000000000000000e+01	2.572287974025236259e-03
7.200000000000000000e+01	2.390854934946585846e-03
7.300000000000000000e+01	2.240514331709603235e-03
7.400000000000000000e+01	2.119166301460696702e-03
7.500000000000000000e+01	2.024663674928091611e-03
7.600000000000000000e+01	1.954818267666516649e-03
7.700000000000000000e+01	1.907409115063048817e-03
7.800000000000000000e+01	1.880192461046590593e-03
7.900000000000000000e+01	1.870913297057874916e-03
