# nlayers	|E|^2	slope = -0.011035938764088591
0.000000000000000000e+00	6.632712743559329160e-01
1.000000000000000000e+00	6.144730061872257787e-01
2.000000000000000000e+00	5.692671323066389455e-01
3.000000000000000000e+00	5.273884014317959945e-01
4.000000000000000000e+00	4.885911231123374887e-01
5.000000000000000000e+00	4.526477392313795201e-01
6.000000000000000000e+00	4.193474999992186092e-01
7.000000000000000000e+00	3.884952365521243678e-01
8.000000000000000000e+00	3.599102228651592239e-01
9.000000000000000000e+00	3.334251202432365613e-01
1.000000000000000000e+01	3.088849981717312621e-01
1.100000000000000000e+01	2.861464257893799323e-01
1.200000000000000000e+01	2.650766286941195204e-01
1.300000000000000000e+01	2.455527062090070989e-01
1.400000000000000000e+01	2.274609046222202391e-01
1.500000000000000000e+01	2.106959422741216392e-01
1.600000000000000000e+01	1.951603826969930122e-01
1.700000000000000000e+01	1.807640523207743599e-01
1.800000000000000000e+01	1.674234995423272976e-01
1.900000000000000000e+01	1.550614922176276889e-01
2.000000000000000000e+01	1.436065508770900112e-01
2.100000000000000000e+01	1.329925151850571419e-01
2.200000000000000000e+01	1.231581413664517288e-01
2.300000000000000000e+01	1.140467285077368248e-01
2.400000000000000000e+01	1.056057718066909928e-01
2.500000000000000000e+01	9.778664099709093172e-02
2.600000000000000000e+01	9.054428231118867576e-02
2.700000000000000000e+01	8.383694246587015952e-02
2.800000000000000000e+01	7.762591326854494100e-02
2.900000000000000000e+01	7.187529553712639074e-02
3.000000000000000000e+01	6.655178111586543266e-02
3.100000000000000000e+01	6.162445184626114125e-02
3.200000000000000000e+01	5.706459442072613075e-02
3.300000000000000000e+01	5.284553010706637133e-02
3.400000000000000000e+01	4.894245838505899976e-02
3.500000000000000000e+01	4.533231358336859557e-02
3.600000000000000000e+01	4.199363364660373826e-02
3.700000000000000000e+01	3.890644019931720904e-02
3.800000000000000000e+01	3.605212910699698292e-02
3.900000000000000000e+01	3.341337076434235803e-02
4.000000000000000000e+01	3.097401936908355732e-02
4.100000000000000000e+01	2.871903046594647541e-02
4.200000000000000000e+01	2.663438607069305505e-02
4.300000000000000000e+01	2.470702670902746867e-02
4.400000000000000000e+01	2.292478973003014495e-02
4.500000000000000000e+01	2.127635327907995838e-02
4.600000000000000000e+01	1.975118534129410505e-02
4.700000000000000000e+01	1.833949729363018588e-02
4.800000000000000000e+01	1.703220143215710553e-02
4.900000000000000000e+01	1.582087197074462381e-02
5.000000000000000000e+01	1.469770903860695074e-02
5.100000000000000000e+01	1.365550523675942464e-02
5.200000000000000000e+01	1.268761434744149208e-02
5.300000000000000000e+01	1.178792182579431295e-02
5.400000000000000000e+01	1.095081673937514481e-02
5.500000000000000000e+01	1.017116485820983990e-02
5.600000000000000000e+01	9.444282635753718791e-03
5.700000000000000000e+01	8.765911859038365977e-03
5.800000000000000000e+01	8.132194784085498493e-03
5.900000000000000000e+01	7.539649610008586009e-03
6.000000000000000000e+01	6.985146181721608484e-03
6.100000000000000000e+01	6.465881846452996816e-03
6.200000000000000000e+01	5.979357422942856333e-03
6.300000000000000000e+01	5.523353273916606354e-03
6.400000000000000000e+01	5.095905501828751696e-03
6.500000000000000000e+01	4.695282314633637127e-03
6.600000000000000000e+01	4.319960632173695629e-03
6.700000000000000000e+01	3.968603024426518334e-03
6.800000000000000000e+01	3.640035090109842563e-03
6.900000000000000000e+01	3.333223397845343650e-03
7.000000000000000000e+01	3.047254122117062664e-03
7.100000000000000000e+01	2.781312512570732580e-03
7.200000000000000000e+01	2.534663337784829121e-03
7.300000000000000000e+01	2.306632443557196915e-03
7.400000000000000000e+01	2.096589561103291699e-03
7.500000000000000000e+01	1.903932492518419384e-03
7.600000000000000000e+01	1.728072789634152104e-03
7.700000000000000000e+01	1.568423028264628698e-03
7.800000000000000000e+01	1.424385763102569216e-03
7.900000000000000000e+01	1.295344229538555403e-03
8.000000000000000000e+01	1.180654837825281757e-03
8.100000000000000000e+01	1.079641482703961545e-03
8.200000000000000000e+01	9.915916682867915739e-04
8.300000000000000000e+01	9.157544240951595582e-04
8.400000000000000000e+01	8.513399641423834456e-04
8.500000000000000000e+01	7.975210172753994641e-04
8.600000000000000000e+01	7.534357340964508353e-04
8.700000000000000000e+01	7.181920541019232293e-04
8.800000000000000000e+01	6.908733966060836380e-04
8.900000000000000000e+01	6.705455209377552111e-04
9.000000000000000000e+01	6.562643856465567253e-04
9.100000000000000000e+01	6.470848233290136088e-04
9.200000000000000000e+01	6.420698374333153957e-04
9.300000000000000000e+01	6.403003202233800446e-04
9.400000000000000000e+01	6.408849871223819749e-04
9.500000000000000000e+01	6.429703220004127483e-04
9.600000000000000000e+01	6.457503306497387654e-04
9.700000000000000000e+01	6.484759056748394057e-04
9.800000000000000000e+01	6.504636152257998799e-04
9.900000000000000000e+01	6.511037402790134264e-04
