# nlayers	|E|^2	slope
0.000000000000000000e+00	6.861380764329225723e-01	-1.136518468660169603e-02
1.000000000000000000e+00	6.345821950589869420e-01	-1.136518468660169603e-02
2.000000000000000000e+00	5.869043987352069447e-01	-1.136518468660169603e-02
3.000000000000000000e+00	5.428132001347856228e-01	-1.136518468660169603e-02
4.000000000000000000e+00	5.020389275070179513e-01	-1.136518468660169603e-02
5.000000000000000000e+00	4.643320891927215088e-01	-1.136518468660169603e-02
6.000000000000000000e+00	4.294618627715579562e-01	-1.136518468660169603e-02
7.000000000000000000e+00	3.972146993615415234e-01	-1.136518468660169603e-02
8.000000000000000000e+00	3.673930342690938100e-01	-1.136518468660169603e-02
9.000000000000000000e+00	3.398140958182817584e-01	-1.136518468660169603e-02
1.000000000000000000e+01	3.143088047745518643e-01	-1.136518468660169603e-02
1.100000000000000000e+01	2.907207573252595934e-01	-1.136518468660169603e-02
1.200000000000000000e+01	2.689052850900076064e-01	-1.136518468660169603e-02
1.300000000000000000e+01	2.487285861113827656e-01	-1.136518468660169603e-02
1.400000000000000000e+01	2.300669212238657668e-01	-1.136518468660169603e-02
1.500000000000000000e+01	2.128058706179263015e-01	-1.136518468660169603e-02
1.600000000000000000e+01	1.968396458097382840e-01	-1.136518468660169603e-02
1.700000000000000000e+01	1.820704525964188802e-01	-1.136518468660169603e-02
1.800000000000000000e+01	1.684079009238022839e-01	-1.136518468660169603e-02
1.900000000000000000e+01	1.557684579198748698e-01	-1.136518468660169603e-02
2.000000000000000000e+01	1.440749406532752241e-01	-1.136518468660169603e-02
2.100000000000000000e+01	1.332560454636716463e-01	-1.136518468660169603e-02
2.200000000000000000e+01	1.232459109801818942e-01	-1.136518468660169603e-02
2.300000000000000000e+01	1.139837121959689920e-01	-1.136518468660169603e-02
2.400000000000000000e+01	1.054132832022987576e-01	-1.136518468660169603e-02
2.500000000000000000e+01	9.748276640415534655e-02	-1.136518468660169603e-02
2.600000000000000000e+01	9.014428624239440024e-02	-1.136518468660169603e-02
2.700000000000000000e+01	8.335364563474248478e-02	-1.136518468660169603e-02
2.800000000000000000e+01	7.707004352007218451e-02	-1.136518468660169603e-02
2.900000000000000000e+01	7.125581204765230048e-02	-1.136518468660169603e-02
3.000000000000000000e+01	6.587617209583800093e-02	-1.136518468660169603e-02
3.100000000000000000e+01	6.089900593333531092e-02	-1.136518468660169603e-02
3.200000000000000000e+01	5.629464595116871750e-02	-1.136518468660169603e-02
3.300000000000000000e+01	5.203567849528726447e-02	-1.136518468660169603e-02
3.400000000000000000e+01	4.809676191891106706e-02	-1.136518468660169603e-02
3.500000000000000000e+01	4.445445805084820290e-02	-1.136518468660169603e-02
3.600000000000000000e+01	4.108707634178115908e-02	-1.136518468660169603e-02
3.700000000000000000e+01	3.797453000566854142e-02	-1.136518468660169603e-02
3.800000000000000000e+01	3.509820351874076705e-02	-1.136518468660169603e-02
3.900000000000000000e+01	3.244083087494671613e-02	-1.136518468660169603e-02
4.000000000000000000e+01	2.998638402504975181e-02	-1.136518468660169603e-02
4.100000000000000000e+01	2.771997094783333615e-02	-1.136518468660169603e-02
4.200000000000000000e+01	2.562774281704756005e-02	-1.136518468660169603e-02
4.300000000000000000e+01	2.369680973781980449e-02	-1.136518468660169603e-02
4.400000000000000000e+01	2.191516453228135528e-02	-1.136518468660169603e-02
4.500000000000000000e+01	2.027161405713747214e-02	-1.136518468660169603e-02
4.600000000000000000e+01	1.875571753682035020e-02	-1.136518468660169603e-02
4.700000000000000000e+01	1.735773139566502976e-02	-1.136518468660169603e-02
4.800000000000000000e+01	1.606856007214209348e-02	-1.136518468660169603e-02
4.900000000000000000e+01	1.487971229840770286e-02	-1.136518468660169603e-02
5.000000000000000000e+01	1.378326233005502596e-02	-1.136518468660169603e-02
5.100000000000000000e+01	1.277181561465087767e-02	-1.136518468660169603e-02
5.200000000000000000e+01	1.183847839399461768e-02	-1.136518468660169603e-02
5.300000000000000000e+01	1.097683074452072451e-02	-1.136518468660169603e-02
5.400000000000000000e+01	1.018090257324390235e-02	-1.136518468660169603e-02
5.500000000000000000e+01	9.445152103363867874e-03	-1.136518468660169603e-02
5.600000000000000000e+01	8.764446404236837102e-03	-1.136518468660169603e-02
5.700000000000000000e+01	8.134043544893382674e-03	-1.136518468660169603e-02
5.800000000000000000e+01	7.549575978536073560e-03	-1.136518468660169603e-02
5.900000000000000000e+01	7.007034797270821069e-03	-1.136518468660169603e-02
6.000000000000000000e+01	6.502754531397512278e-03	-1.136518468660169603e-02
6.100000000000000000e+01	6.033398205495484057e-03	-1.136518468660169603e-02
6.200000000000000000e+01	5.595942403792654278e-03	-1.136518468660169603e-02
6.300000000000000000e+01	5.187662139335704435e-03	-1.136518468660169603e-02
6.400000000000000000e+01	4.806115364656430612e-03	-1.136518468660169603e-02
6.500000000000000000e+01	4.449127005287044009e-03	-1.136518468660169603e-02
6.600000000000000000e+01	4.114772440917019089e-03	-1.136518468660169603e-02
6.700000000000000000e+01	3.801360401496810780e-03	-1.136518468660169603e-02
6.800000000000000000e+01	3.507415286473751243e-03	-1.136518468660169603e-02
6.900000000000000000e+01	3.231658953907983519e-03	-1.136518468660169603e-02
7.000000000000000000e+01	2.972992061811432097e-03	-1.136518468660169603e-02
7.100000000000000000e+01	2.730475076081654000e-03	-1.136518468660169603e-02
7.200000000000000000e+01	2.503309087329326933e-03	-1.136518468660169603e-02
7.300000000000000000e+01	2.290816602263692249e-03	-1.136518468660169603e-02
7.400000000000000000e+01	2.092422493731150614e-03	-1.136518468660169603e-02
7.500000000000000000e+01	1.907635306720197391e-03	-1.136518468660169603e-02
7.600000000000000000e+01	1.736029125474055886e-03	-1.136518468660169603e-02
7.700000000000000000e+01	1.577226209219597091e-03	-1.136518468660169603e-02
7.800000000000000000e+01	1.430880600964094503e-03	-1.136518468660169603e-02
7.900000000000000000e+01	1.296662905474453521e-03	-1.136518468660169603e-02
8.000000000000000000e+01	1.174246419185909175e-03	-1.136518468660169603e-02
8.100000000000000000e+01	1.063294776738531785e-03	-1.136518468660169603e-02
8.200000000000000000e+01	9.634512565530195397e-04	-1.136518468660169603e-02
8.300000000000000000e+01	8.743298618594439169e-04	-1.136518468660169603e-02
8.400000000000000000e+01	7.955082644848244502e-04	-1.136518468660169603e-02
8.500000000000000000e+01	7.265226671498713250e-04	-1.136518468660169603e-02
8.600000000000000000e+01	6.668646067319627165e-04	-1.136518468660169603e-02
8.700000000000000000e+01	6.159796866635695433e-04	-1.136518468660169603e-02
8.800000000000000000e+01	5.732681921136354797e-04	-1.136518468660169603e-02
8.900000000000000000e+01	5.380875076067604713e-04	-1.136518468660169603e-02
9.000000000000000000e+01	5.097562240202801803e-04	-1.136518468660169603e-02
9.100000000000000000e+01	4.875597911821142748e-04	-1.136518468660169603e-02
9.200000000000000000e+01	4.707575442477827791e-04	-1.136518468660169603e-02
9.300000000000000000e+01	4.585909072801765910e-04	-1.136518468660169603e-02
9.400000000000000000e+01	4.502925565362634491e-04	-1.136518468660169603e-02
9.500000000000000000e+01	4.450963093442239244e-04	-1.136518468660169603e-02
9.600000000000000000e+01	4.422474925037305567e-04	-1.136518468660169603e-02
9.700000000000000000e+01	4.410135371327190816e-04	-1.136518468660169603e-02
9.800000000000000000e+01	4.406945449821837225e-04	-1.136518468660169603e-02
9.900000000000000000e+01	4.406335745037212961e-04	-1.136518468660169603e-02
