# nlayers	|E|^2	slope = -0.034218302296131986
0.000000000000000000e+00	8.178269476514413716e-01
1.000000000000000000e+00	7.489382908600767941e-01
2.000000000000000000e+00	6.866481329031207670e-01
3.000000000000000000e+00	6.302524899601683606e-01
4.000000000000000000e+00	5.790344639103289781e-01
5.000000000000000000e+00	5.322910921293568798e-01
6.000000000000000000e+00	4.893634803467155070e-01
7.000000000000000000e+00	4.496662247295772907e-01
8.000000000000000000e+00	4.127122491927279202e-01
9.000000000000000000e+00	3.781297604025417591e-01
1.000000000000000000e+01	3.456689879072919469e-01
1.100000000000000000e+01	3.151976160263769144e-01
1.200000000000000000e+01	2.866851807512161288e-01
1.300000000000000000e+01	2.601780369978161089e-01
1.400000000000000000e+01	2.357676412332369575e-01
1.500000000000000000e+01	2.135557067168850076e-01
1.600000000000000000e+01	1.936201771335644972e-01
1.700000000000000000e+01	1.759858832863453459e-01
1.800000000000000000e+01	1.606032065127074859e-01
1.900000000000000000e+01	1.473371358919126073e-01
2.000000000000000000e+01	1.359678853567727885e-01
2.100000000000000000e+01	1.262028764706420170e-01
2.200000000000000000e+01	1.176985543735551143e-01
2.300000000000000000e+01	1.100893471038609378e-01
2.400000000000000000e+01	1.030202395498347467e-01
2.500000000000000000e+01	9.617901228822367532e-02
2.600000000000000000e+01	8.932424253642456957e-02
2.700000000000000000e+01	8.230567386572038013e-02
2.800000000000000000e+01	7.507447280417162139e-02
2.900000000000000000e+01	6.768209590025579814e-02
3.000000000000000000e+01	6.026784724075570643e-02
3.100000000000000000e+01	5.303655291996271087e-02
3.200000000000000000e+01	4.622895581674082988e-02
3.300000000000000000e+01	4.008830165121594902e-02
3.400000000000000000e+01	3.482704275243118930e-02
3.500000000000000000e+01	3.059757526025136051e-02
3.600000000000000000e+01	2.747044990521636462e-02
3.700000000000000000e+01	2.542261250954867824e-02
3.800000000000000000e+01	2.433704283860999365e-02
3.900000000000000000e+01	2.401381032211218070e-02
