# nlayers	|E|^2	slope = -0.015357810236278135
0.000000000000000000e+00	7.122106126523196634e-01
1.000000000000000000e+00	6.576148507279794275e-01
2.000000000000000000e+00	6.072201882512059390e-01
3.000000000000000000e+00	5.607017540552521329e-01
4.000000000000000000e+00	5.177594197410895216e-01
5.000000000000000000e+00	4.781159674727513131e-01
6.000000000000000000e+00	4.415154018490330956e-01
7.000000000000000000e+00	4.077213929303104001e-01
8.000000000000000000e+00	3.765158384501189337e-01
9.000000000000000000e+00	3.476975341691031507e-01
1.000000000000000000e+01	3.210809422354910514e-01
1.100000000000000000e+01	2.964950483014578975e-01
1.200000000000000000e+01	2.737822990074818552e-01
1.300000000000000000e+01	2.527976122847103158e-01
1.400000000000000000e+01	2.334074537352996970e-01
1.500000000000000000e+01	2.154889731287160382e-01
1.600000000000000000e+01	1.989291957936919486e-01
1.700000000000000000e+01	1.836242643862400492e-01
1.800000000000000000e+01	1.694787271690693098e-01
1.900000000000000000e+01	1.564048695423494173e-01
2.000000000000000000e+01	1.443220861157801516e-01
2.100000000000000000e+01	1.331562911036431041e-01
2.200000000000000000e+01	1.228393652549547299e-01
2.300000000000000000e+01	1.133086378978560849e-01
2.400000000000000000e+01	1.045064029797889288e-01
2.500000000000000000e+01	9.637946822268678160e-02
2.600000000000000000e+01	8.887873668633269886e-02
2.700000000000000000e+01	8.195882014529051740e-02
2.800000000000000000e+01	7.557768373861975530e-02
2.900000000000000000e+01	6.969632135120197580e-02
3.000000000000000000e+01	6.427846113620523660e-02
3.100000000000000000e+01	5.929030049613723263e-02
3.200000000000000000e+01	5.470026971199094118e-02
3.300000000000000000e+01	5.047882325366698231e-02
3.400000000000000000e+01	4.659825762809739064e-02
3.500000000000000000e+01	4.303255443247177431e-02
3.600000000000000000e+01	3.975724708690692860e-02
3.700000000000000000e+01	3.674930953188986632e-02
3.800000000000000000e+01	3.398706499860987967e-02
3.900000000000000000e+01	3.145011280210226190e-02
4.000000000000000000e+01	2.911927097448175836e-02
4.100000000000000000e+01	2.697653245412088424e-02
4.200000000000000000e+01	2.500503248111206334e-02
4.300000000000000000e+01	2.318902482332548670e-02
4.400000000000000000e+01	2.151386447324065559e-02
4.500000000000000000e+01	1.996599451465495834e-02
4.600000000000000000e+01	1.853293496027010392e-02
4.700000000000000000e+01	1.720327150469584676e-02
4.800000000000000000e+01	1.596664232005856263e-02
4.900000000000000000e+01	1.481372123950498894e-02
5.000000000000000000e+01	1.373619592276886098e-02
5.100000000000000000e+01	1.272673987205340425e-02
5.200000000000000000e+01	1.177897745946443649e-02
5.300000000000000000e+01	1.088744143223438141e-02
5.400000000000000000e+01	1.004752267174864079e-02
5.500000000000000000e+01	9.255412289483171129e-03
5.600000000000000000e+01	8.508036439959766606e-03
5.700000000000000000e+01	7.802984510514214891e-03
5.800000000000000000e+01	7.138431603251048710e-03
5.900000000000000000e+01	6.513056449818174602e-03
6.000000000000000000e+01	5.925956089124342907e-03
6.100000000000000000e+01	5.376558787296454624e-03
6.200000000000000000e+01	4.864536784513449896e-03
6.300000000000000000e+01	4.389720512463504525e-03
6.400000000000000000e+01	3.952015937843286232e-03
6.500000000000000000e+01	3.551326651566943677e-03
6.600000000000000000e+01	3.187482241416044436e-03
6.700000000000000000e+01	2.860174360171440031e-03
6.800000000000000000e+01	2.568901735385860016e-03
6.900000000000000000e+01	2.312925165482834430e-03
7.000000000000000000e+01	2.091233315323167818e-03
7.100000000000000000e+01	1.902519869059574823e-03
7.200000000000000000e+01	1.745172325909108207e-03
7.300000000000000000e+01	1.617272442747447973e-03
7.400000000000000000e+01	1.516608043743027882e-03
7.500000000000000000e+01	1.440695639216080324e-03
7.600000000000000000e+01	1.386813030981935094e-03
7.700000000000000000e+01	1.352040836718381963e-03
7.800000000000000000e+01	1.333311647941108537e-03
7.900000000000000000e+01	1.327465350824184268e-03
