# nlayers	|E|^2	slope = -0.016487130985994636
0.000000000000000000e+00	7.702180430250294974e-01
1.000000000000000000e+00	7.081715629804704593e-01
2.000000000000000000e+00	6.511017724482073277e-01
3.000000000000000000e+00	5.986108836690420265e-01
4.000000000000000000e+00	5.503338508451545152e-01
5.000000000000000000e+00	5.059355670740299793e-01
6.000000000000000000e+00	4.651082610303607368e-01
7.000000000000000000e+00	4.275690863814197162e-01
8.000000000000000000e+00	3.930578982762950035e-01
9.000000000000000000e+00	3.613352120326767114e-01
1.000000000000000000e+01	3.321803393872446719e-01
1.100000000000000000e+01	3.053896974277033327e-01
1.200000000000000000e+01	2.807752846547809100e-01
1.300000000000000000e+01	2.581633176148554476e-01
1.400000000000000000e+01	2.373930202937831468e-01
1.500000000000000000e+01	2.183155570729137795e-01
1.600000000000000000e+01	2.007930986251544314e-01
1.700000000000000000e+01	1.846980087765044409e-01
1.800000000000000000e+01	1.699121391746476750e-01
1.900000000000000000e+01	1.563262176781653190e-01
2.000000000000000000e+01	1.438393157803987410e-01
2.100000000000000000e+01	1.323583801658451686e-01
2.200000000000000000e+01	1.217978136989780746e-01
2.300000000000000000e+01	1.120790917786986252e-01
2.400000000000000000e+01	1.031304010473406418e-01
2.500000000000000000e+01	9.488628889086204998e-02
2.600000000000000000e+01	8.728731395622164879e-02
2.700000000000000000e+01	8.027968997516737870e-02
2.800000000000000000e+01	7.381491743880684575e-02
2.900000000000000000e+01	6.784940002224540412e-02
3.000000000000000000e+01	6.234404501532232051e-02
3.100000000000000000e+01	5.726384927502978922e-02
3.200000000000000000e+01	5.257747428214953195e-02
3.300000000000000000e+01	4.825681567178066039e-02
3.400000000000000000e+01	4.427657403987466517e-02
3.500000000000000000e+01	4.061383484669139204e-02
3.600000000000000000e+01	3.724766580303381230e-02
3.700000000000000000e+01	3.415874021668720978e-02
3.800000000000000000e+01	3.132899439681210291e-02
3.900000000000000000e+01	2.874132638684666688e-02
4.000000000000000000e+01	2.637934206601741730e-02
4.100000000000000000e+01	2.422715308857609565e-02
4.200000000000000000e+01	2.226922929669470502e-02
4.300000000000000000e+01	2.049030623781175967e-02
4.400000000000000000e+01	1.887534633811459306e-02
4.500000000000000000e+01	1.740955023190418616e-02
4.600000000000000000e+01	1.607841282140074976e-02
4.700000000000000000e+01	1.486781693647418710e-02
4.800000000000000000e+01	1.376415606161870281e-02
4.900000000000000000e+01	1.275447656658730208e-02
5.000000000000000000e+01	1.182662926818964580e-02
5.100000000000000000e+01	1.096941999456663153e-02
5.200000000000000000e+01	1.017274912910492123e-02
5.300000000000000000e+01	9.427730866515500463e-03
5.400000000000000000e+01	8.726784084704349020e-03
5.500000000000000000e+01	8.063688269495576308e-03
5.600000000000000000e+01	7.433599754487049162e-03
5.700000000000000000e+01	6.833025570976357724e-03
5.800000000000000000e+01	6.259754348802487947e-03
5.900000000000000000e+01	5.712745868506336269e-03
6.000000000000000000e+01	5.191982938092233602e-03
6.100000000000000000e+01	4.698291157530037898e-03
6.200000000000000000e+01	4.233133753144401913e-03
6.300000000000000000e+01	3.798389937006674613e-03
6.400000000000000000e+01	3.396126114364394436e-03
6.500000000000000000e+01	3.028369684950918406e-03
6.600000000000000000e+01	2.696895142486725478e-03
6.700000000000000000e+01	2.403031673328285839e-03
6.800000000000000000e+01	2.147500514181755870e-03
6.900000000000000000e+01	1.930288994716586716e-03
7.000000000000000000e+01	1.750566526834822353e-03
7.100000000000000000e+01	1.606645886772489285e-03
7.200000000000000000e+01	1.495991059397621054e-03
7.300000000000000000e+01	1.415270773829244112e-03
7.400000000000000000e+01	1.360454756586613762e-03
7.500000000000000000e+01	1.326947761865122834e-03
7.600000000000000000e+01	1.309754700782256222e-03
7.700000000000000000e+01	1.303668764340366621e-03
7.800000000000000000e+01	1.303473385611674624e-03
7.900000000000000000e+01	1.304148264713904425e-03
