# nlayers	|E|^2	slope = -0.03408046631632635
0.000000000000000000e+00	8.164715813501292052e-01
1.000000000000000000e+00	7.469224368815843285e-01
2.000000000000000000e+00	6.842333073159083678e-01
3.000000000000000000e+00	6.277457985553931419e-01
4.000000000000000000e+00	5.767523260985306655e-01
5.000000000000000000e+00	5.305218473195983941e-01
6.000000000000000000e+00	4.883333147070399449e-01
7.000000000000000000e+00	4.495124621781271812e-01
8.000000000000000000e+00	4.134671766281180494e-01
9.000000000000000000e+00	3.797169072300249915e-01
1.000000000000000000e+01	3.479123021592209208e-01
1.100000000000000000e+01	3.178424491458560763e-01
1.200000000000000000e+01	2.894285919668083684e-01
1.300000000000000000e+01	2.627048224086711570e-01
1.400000000000000000e+01	2.377878134510456598e-01
1.500000000000000000e+01	2.148389787685576202e-01
1.600000000000000000e+01	1.940233597407992894e-01
1.700000000000000000e+01	1.754699454356344335e-01
1.800000000000000000e+01	1.592379756516502654e-01
1.900000000000000000e+01	1.452930806206956527e-01
2.000000000000000000e+01	1.334959561241272075e-01
2.100000000000000000e+01	1.236047966847670793e-01
2.200000000000000000e+01	1.152910873860330393e-01
2.300000000000000000e+01	1.081667792832101266e-01
2.400000000000000000e+01	1.018195313254640355e-01
2.500000000000000000e+01	9.585175250140934300e-02
2.600000000000000000e+01	8.991873424032492679e-02
2.700000000000000000e+01	8.376127764452524771e-02
2.800000000000000000e+01	7.722887935733373233e-02
2.900000000000000000e+01	7.029066561603600216e-02
3.000000000000000000e+01	6.303272277478474961e-02
3.100000000000000000e+01	5.564209127059108889e-02
3.200000000000000000e+01	4.837927662655913674e-02
3.300000000000000000e+01	4.154249742236357235e-02
3.400000000000000000e+01	3.542787412845920664e-02
3.500000000000000000e+01	3.029024757874834023e-02
3.600000000000000000e+01	2.630924414162140457e-02
3.700000000000000000e+01	2.356458487384152298e-02
3.800000000000000000e+01	2.202354166310819400e-02
3.900000000000000000e+01	2.154200443841265342e-02
