# nlayers	|E|^2	slope = -0.023158998853877844
0.000000000000000000e+00	8.012918532955694007e-01
1.000000000000000000e+00	7.348227119362085169e-01
2.000000000000000000e+00	6.736745810926793032e-01
3.000000000000000000e+00	6.174418796938732079e-01
4.000000000000000000e+00	5.657618017619808759e-01
5.000000000000000000e+00	5.183077796950222860e-01
6.000000000000000000e+00	4.747830479763746614e-01
7.000000000000000000e+00	4.349145397416849801e-01
8.000000000000000000e+00	3.984473433179087087e-01
9.000000000000000000e+00	3.651399231799888900e-01
1.000000000000000000e+01	3.347602714544404834e-01
1.100000000000000000e+01	3.070831049257941592e-01
1.200000000000000000e+01	2.818881621507160484e-01
1.300000000000000000e+01	2.589595900677562623e-01
1.400000000000000000e+01	2.380863440524720598e-01
1.500000000000000000e+01	2.190634643607665411e-01
1.600000000000000000e+01	2.016940396641516697e-01
1.700000000000000000e+01	1.857916286269092332e-01
1.800000000000000000e+01	1.711828860464223445e-01
1.900000000000000000e+01	1.577101327377908591e-01
2.000000000000000000e+01	1.452336186568894127e-01
2.100000000000000000e+01	1.336332560489482402e-01
2.200000000000000000e+01	1.228096418186618022e-01
2.300000000000000000e+01	1.126842429188993910e-01
2.400000000000000000e+01	1.031986815691110365e-01
2.500000000000000000e+01	9.431312417131315629e-02
2.600000000000000000e+01	8.600384423564891301e-02
2.700000000000000000e+01	7.826009084374203895e-02
2.800000000000000000e+01	7.108044591422621461e-02
2.900000000000000000e+01	6.446889219914139768e-02
3.000000000000000000e+01	5.843083685210457429e-02
3.100000000000000000e+01	5.296934098809313873e-02
3.200000000000000000e+01	4.808179352882217122e-02
3.300000000000000000e+01	4.375723866133164608e-02
3.400000000000000000e+01	3.997452247032706740e-02
3.500000000000000000e+01	3.670136880990648720e-02
3.600000000000000000e+01	3.389443114886766389e-02
3.700000000000000000e+01	3.150030039371020524e-02
3.800000000000000000e+01	2.945738323914865592e-02
3.900000000000000000e+01	2.769850600179446509e-02
4.000000000000000000e+01	2.615404933263692708e-02
4.100000000000000000e+01	2.475538315004912823e-02
4.200000000000000000e+01	2.343835111468121207e-02
4.300000000000000000e+01	2.214655138704458431e-02
4.400000000000000000e+01	2.083417545473275137e-02
4.500000000000000000e+01	1.946819844357338194e-02
4.600000000000000000e+01	1.802976033079461277e-02
4.700000000000000000e+01	1.651463464859345004e-02
4.800000000000000000e+01	1.493274561260164376e-02
4.900000000000000000e+01	1.330676163907870344e-02
5.000000000000000000e+01	1.166985824677956723e-02
5.100000000000000000e+01	1.006280183315969891e-02
5.200000000000000000e+01	8.530553685353376228e-03
5.300000000000000000e+01	7.118627491771379462e-03
5.400000000000000000e+01	5.869451193522011272e-03
5.500000000000000000e+01	4.818984030618936321e-03
5.600000000000000000e+01	3.993822097370653378e-03
5.700000000000000000e+01	3.408991852460086999e-03
5.800000000000000000e+01	3.066583200968647435e-03
5.900000000000000000e+01	2.955315322325787180e-03
