# nlayers	|E|^2	slope = -0.02414619749833613
0.000000000000000000e+00	5.051694692530446229e-01
1.000000000000000000e+00	4.641365287738717926e-01
2.000000000000000000e+00	4.279547982705255715e-01
3.000000000000000000e+00	3.963311899737202992e-01
4.000000000000000000e+00	3.689673513639691316e-01
5.000000000000000000e+00	3.455597211818290937e-01
6.000000000000000000e+00	3.257999709033050362e-01
7.000000000000000000e+00	3.093758036027665081e-01
8.000000000000000000e+00	2.959720786508660550e-01
9.000000000000000000e+00	2.852722275570807597e-01
1.000000000000000000e+01	2.769599235188077713e-01
1.100000000000000000e+01	2.707209649284960107e-01
1.200000000000000000e+01	2.662453312573521691e-01
1.300000000000000000e+01	2.632293684116983612e-01
1.400000000000000000e+01	2.613780598712774905e-01
1.500000000000000000e+01	2.604073396848957112e-01
1.600000000000000000e+01	2.600464037265975414e-01
1.700000000000000000e+01	2.600399765056256030e-01
1.800000000000000000e+01	2.601504922678648524e-01
1.900000000000000000e+01	2.601601511092546115e-01
