# nlayers	|E|^2	slope = -0.05586313478259952
0.000000000000000000e+00	8.559509242331720946e-01
1.000000000000000000e+00	7.957593752794994701e-01
2.000000000000000000e+00	7.367752685743838015e-01
3.000000000000000000e+00	6.786843704818391609e-01
4.000000000000000000e+00	6.213805118150005358e-01
5.000000000000000000e+00	5.649506085285644907e-01
6.000000000000000000e+00	5.096522424423021169e-01
7.000000000000000000e+00	4.558847248286354570e-01
8.000000000000000000e+00	4.041548820492775196e-01
9.000000000000000000e+00	3.550390597883282262e-01
1.000000000000000000e+01	3.091430287926951181e-01
1.100000000000000000e+01	2.670615817123360158e-01
1.200000000000000000e+01	2.293396326840770327e-01
1.300000000000000000e+01	1.964365677420215339e-01
1.400000000000000000e+01	1.686954479967332776e-01
1.500000000000000000e+01	1.463184457077262579e-01
1.600000000000000000e+01	1.293496063305342170e-01
1.700000000000000000e+01	1.176656908596108858e-01
1.800000000000000000e+01	1.109754782443902188e-01
1.900000000000000000e+01	1.088275149374478973e-01
