# nlayers	|E|^2	slope = -0.02688235828271912
0.000000000000000000e+00	6.537903624361849353e-01
1.000000000000000000e+00	6.051141061195559612e-01
2.000000000000000000e+00	5.595789984792646221e-01
3.000000000000000000e+00	5.170008359442038737e-01
4.000000000000000000e+00	4.772112919408213472e-01
5.000000000000000000e+00	4.400563425316076360e-01
6.000000000000000000e+00	4.053947739747073009e-01
7.000000000000000000e+00	3.730967722205518200e-01
8.000000000000000000e+00	3.430425946328114484e-01
9.000000000000000000e+00	3.151213244022842974e-01
1.000000000000000000e+01	2.892297082175914746e-01
1.100000000000000000e+01	2.652710777702610434e-01
1.200000000000000000e+01	2.431543556090767499e-01
1.300000000000000000e+01	2.227931457251062231e-01
1.400000000000000000e+01	2.041049090507265351e-01
1.500000000000000000e+01	1.870102237998145789e-01
1.600000000000000000e+01	1.714321302690402504e-01
1.700000000000000000e+01	1.572955593691744425e-01
1.800000000000000000e+01	1.445268437680510276e-01
1.900000000000000000e+01	1.330533101110500105e-01
2.000000000000000000e+01	1.228029503485387752e-01
2.100000000000000000e+01	1.137041697505241922e-01
2.200000000000000000e+01	1.056856087346656342e-01
2.300000000000000000e+01	9.867603518252435202e-02
2.400000000000000000e+01	9.260430347799444850e-02
2.500000000000000000e+01	8.739937607854657287e-02
2.600000000000000000e+01	8.299040303111522576e-02
2.700000000000000000e+01	7.930685447667058796e-02
2.800000000000000000e+01	7.627870085672987244e-02
2.900000000000000000e+01	7.383663524673760026e-02
3.000000000000000000e+01	7.191233200022299765e-02
3.100000000000000000e+01	7.043873569811864854e-02
3.200000000000000000e+01	6.935037426309502429e-02
3.300000000000000000e+01	6.858369002199007913e-02
3.400000000000000000e+01	6.807738248240577383e-02
3.500000000000000000e+01	6.777275663353100887e-02
3.600000000000000000e+01	6.761407068668379150e-02
3.700000000000000000e+01	6.754887733760776836e-02
3.800000000000000000e+01	6.752835285909832008e-02
3.900000000000000000e+01	6.750760861720052353e-02
