# nlayers	|E|^2	slope
0.000000000000000000e+00	6.394937714301626164e-01	-1.376850889679115397e-02
1.000000000000000000e+00	5.960014227259268216e-01	-1.376850889679115397e-02
2.000000000000000000e+00	5.554765515726786118e-01	-1.376850889679115397e-02
3.000000000000000000e+00	5.177185269613863161e-01	-1.376850889679115397e-02
4.000000000000000000e+00	4.825401748525974810e-01	-1.376850889679115397e-02
5.000000000000000000e+00	4.497668593761393052e-01	-1.376850889679115397e-02
6.000000000000000000e+00	4.192356279353480208e-01	-1.376850889679115397e-02
7.000000000000000000e+00	3.907944159173145637e-01	-1.376850889679115397e-02
8.000000000000000000e+00	3.643013069872763632e-01	-1.376850889679115397e-02
9.000000000000000000e+00	3.396238452029430865e-01	-1.376850889679115397e-02
1.000000000000000000e+01	3.166383954246416166e-01	-1.376850889679115397e-02
1.100000000000000000e+01	2.952295487210401803e-01	-1.376850889679115397e-02
1.200000000000000000e+01	2.752895696791068936e-01	-1.376850889679115397e-02
1.300000000000000000e+01	2.567178827220410464e-01	-1.376850889679115397e-02
1.400000000000000000e+01	2.394205947212563190e-01	-1.376850889679115397e-02
1.500000000000000000e+01	2.233100513590887404e-01	-1.376850889679115397e-02
1.600000000000000000e+01	2.083044248586913005e-01	-1.376850889679115397e-02
1.700000000000000000e+01	1.943273308473914829e-01	-1.376850889679115397e-02
1.800000000000000000e+01	1.813074722604439137e-01	-1.376850889679115397e-02
1.900000000000000000e+01	1.691783083243104113e-01	-1.376850889679115397e-02
2.000000000000000000e+01	1.578777467830270731e-01	-1.376850889679115397e-02
2.100000000000000000e+01	1.473478576484708868e-01	-1.376850889679115397e-02
2.200000000000000000e+01	1.375346068659822063e-01	-1.376850889679115397e-02
2.300000000000000000e+01	1.283876083913327859e-01	-1.376850889679115397e-02
2.400000000000000000e+01	1.198598932739155659e-01	-1.376850889679115397e-02
2.500000000000000000e+01	1.119076944346817371e-01	-1.376850889679115397e-02
2.600000000000000000e+01	1.044902459161377306e-01	-1.376850889679115397e-02
2.700000000000000000e+01	9.756959546596864763e-02	-1.376850889679115397e-02
2.800000000000000000e+01	9.111042939587260525e-02	-1.376850889679115397e-02
2.900000000000000000e+01	8.507990873323541259e-02	-1.376850889679115397e-02
3.000000000000000000e+01	7.944751575557092160e-02	-1.376850889679115397e-02
3.100000000000000000e+01	7.418491006640882957e-02	-1.376850889679115397e-02
3.200000000000000000e+01	6.926579343669524158e-02	-1.376850889679115397e-02
3.300000000000000000e+01	6.466578269793797629e-02	-1.376850889679115397e-02
3.400000000000000000e+01	6.036229003240115021e-02	-1.376850889679115397e-02
3.500000000000000000e+01	5.633441006174908644e-02	-1.376850889679115397e-02
3.600000000000000000e+01	5.256281318874060637e-02	-1.376850889679115397e-02
3.700000000000000000e+01	4.902964469696793198e-02	-1.376850889679115397e-02
3.800000000000000000e+01	4.571842916127509537e-02	-1.376850889679115397e-02
3.900000000000000000e+01	4.261397976644142743e-02	-1.376850889679115397e-02
4.000000000000000000e+01	3.970231217401259949e-02	-1.376850889679115397e-02
4.100000000000000000e+01	3.697056261685034012e-02	-1.376850889679115397e-02
4.200000000000000000e+01	3.440690993808030729e-02	-1.376850889679115397e-02
4.300000000000000000e+01	3.200050132567820727e-02	-1.376850889679115397e-02
4.400000000000000000e+01	2.974138152597352591e-02	-1.376850889679115397e-02
4.500000000000000000e+01	2.762042534889743578e-02	-1.376850889679115397e-02
4.600000000000000000e+01	2.562927330488414673e-02	-1.376850889679115397e-02
4.700000000000000000e+01	2.376027023798513507e-02	-1.376850889679115397e-02
4.800000000000000000e+01	2.200640684200903460e-02	-1.376850889679115397e-02
4.900000000000000000e+01	2.036126396639377154e-02	-1.376850889679115397e-02
5.000000000000000000e+01	1.881895963609896832e-02	-1.376850889679115397e-02
5.100000000000000000e+01	1.737409872512506517e-02	-1.376850889679115397e-02
5.200000000000000000e+01	1.602172523637902107e-02	-1.376850889679115397e-02
5.300000000000000000e+01	1.475727715157968203e-02	-1.376850889679115397e-02
5.400000000000000000e+01	1.357654382380154082e-02	-1.376850889679115397e-02
5.500000000000000000e+01	1.247562589217264019e-02	-1.376850889679115397e-02
5.600000000000000000e+01	1.145089770325914171e-02	-1.376850889679115397e-02
5.700000000000000000e+01	1.049897222688109429e-02	-1.376850889679115397e-02
5.800000000000000000e+01	9.616668455612807989e-03	-1.376850889679115397e-02
5.900000000000000000e+01	8.800981277138023723e-03	-1.376850889679115397e-02
6.000000000000000000e+01	8.049053807070764843e-03	-1.376850889679115397e-02
6.100000000000000000e+01	7.358152166939880938e-03	-1.376850889679115397e-02
6.200000000000000000e+01	6.725642687897848485e-03	-1.376850889679115397e-02
6.300000000000000000e+01	6.148971515484625942e-03	-1.376850889679115397e-02
6.400000000000000000e+01	5.625646584593383022e-03	-1.376850889679115397e-02
6.500000000000000000e+01	5.153221926785987728e-03	-1.376850889679115397e-02
6.600000000000000000e+01	4.729284264435936087e-03	-1.376850889679115397e-02
6.700000000000000000e+01	4.351441837977764598e-03	-1.376850889679115397e-02
6.800000000000000000e+01	4.017315403959794036e-03	-1.376850889679115397e-02
6.900000000000000000e+01	3.724531332774074031e-03	-1.376850889679115397e-02
7.000000000000000000e+01	3.470716726015601362e-03	-1.376850889679115397e-02
7.100000000000000000e+01	3.253496464540319658e-03	-1.376850889679115397e-02
7.200000000000000000e+01	3.070492089583545196e-03	-1.376850889679115397e-02
7.300000000000000000e+01	2.919322410896256059e-03	-1.376850889679115397e-02
7.400000000000000000e+01	2.797605727880431159e-03	-1.376850889679115397e-02
7.500000000000000000e+01	2.702963542273193864e-03	-1.376850889679115397e-02
7.600000000000000000e+01	2.633025634151763428e-03	-1.376850889679115397e-02
7.700000000000000000e+01	2.585436367007875463e-03	-1.376850889679115397e-02
7.800000000000000000e+01	2.557862082462288890e-03	-1.376850889679115397e-02
7.900000000000000000e+01	2.547999440938303242e-03	-1.376850889679115397e-02
