# nlayers	|E|^2	slope = -0.01067825638855504
0.000000000000000000e+00	6.359019496943694172e-01
1.000000000000000000e+00	5.912429337838793764e-01
2.000000000000000000e+00	5.497186190214099488e-01
3.000000000000000000e+00	5.111084974957427196e-01
4.000000000000000000e+00	4.752075980686923939e-01
5.000000000000000000e+00	4.418253970026716493e-01
6.000000000000000000e+00	4.107848046089714877e-01
7.000000000000000000e+00	3.819212225535408289e-01
8.000000000000000000e+00	3.550816668403510845e-01
9.000000000000000000e+00	3.301239518489864633e-01
1.000000000000000000e+01	3.069159311346901786e-01
1.100000000000000000e+01	2.853347910074126026e-01
1.200000000000000000e+01	2.652663931929990504e-01
1.300000000000000000e+01	2.466046631459662408e-01
1.400000000000000000e+01	2.292510208307018682e-01
1.500000000000000000e+01	2.131138510176361078e-01
1.600000000000000000e+01	1.981080103541420778e-01
1.700000000000000000e+01	1.841543686677213632e-01
1.800000000000000000e+01	1.711793821424443252e-01
1.900000000000000000e+01	1.591146961795926462e-01
2.000000000000000000e+01	1.478967759108866242e-01
2.100000000000000000e+01	1.374665624784224827e-01
2.200000000000000000e+01	1.277691533302630911e-01
2.300000000000000000e+01	1.187535049052802771e-01
2.400000000000000000e+01	1.103721561960129133e-01
2.500000000000000000e+01	1.025809717846583730e-01
2.600000000000000000e+01	9.533890304545603045e-02
2.700000000000000000e+01	8.860776629724601006e-02
2.800000000000000000e+01	8.235203677343798379e-02
2.900000000000000000e+01	7.653865735352737010e-02
3.000000000000000000e+01	7.113686107114117196e-02
3.100000000000000000e+01	6.611800647884631676e-02
3.200000000000000000e+01	6.145542501005223784e-02
3.300000000000000000e+01	5.712427953369911965e-02
3.400000000000000000e+01	5.310143334843916985e-02
3.500000000000000000e+01	4.936532891005636359e-02
3.600000000000000000e+01	4.589587562928423847e-02
3.700000000000000000e+01	4.267434611729541832e-02
3.800000000000000000e+01	3.968328029325950829e-02
3.900000000000000000e+01	3.690639680278762214e-02
4.000000000000000000e+01	3.432851122806967331e-02
4.100000000000000000e+01	3.193546060031463713e-02
4.200000000000000000e+01	2.971403375295853660e-02
4.300000000000000000e+01	2.765190708022144048e-02
4.400000000000000000e+01	2.573758529017132479e-02
4.500000000000000000e+01	2.396034676466734376e-02
4.600000000000000000e+01	2.231019316057174587e-02
4.700000000000000000e+01	2.077780290758133100e-02
4.800000000000000000e+01	1.935448827806895630e-02
4.900000000000000000e+01	1.803215572355467908e-02
5.000000000000000000e+01	1.680326919094514079e-02
5.100000000000000000e+01	1.566081614957269899e-02
5.200000000000000000e+01	1.459827607740385273e-02
5.300000000000000000e+01	1.360959117162605959e-02
5.400000000000000000e+01	1.268913906520961234e-02
5.500000000000000000e+01	1.183170734700812222e-02
5.600000000000000000e+01	1.103246969853139726e-02
5.700000000000000000e+01	1.028696347570872728e-02
5.800000000000000000e+01	9.591068578762750735e-03
5.900000000000000000e+01	8.940987467728438512e-03
6.000000000000000000e+01	8.333226195165528705e-03
6.100000000000000000e+01	7.764576341207412614e-03
6.200000000000000000e+01	7.232097749240509743e-03
6.300000000000000000e+01	6.733101973186880057e-03
6.400000000000000000e+01	6.265136359537688826e-03
6.500000000000000000e+01	5.825968698921520431e-03
6.600000000000000000e+01	5.413572393054257720e-03
6.700000000000000000e+01	5.026112093370204911e-03
6.800000000000000000e+01	4.661929777442079016e-03
6.900000000000000000e+01	4.319531238426531708e-03
7.000000000000000000e+01	3.997572971190239792e-03
7.100000000000000000e+01	3.694849446450895400e-03
7.200000000000000000e+01	3.410280771182775533e-03
7.300000000000000000e+01	3.142900739667263323e-03
7.400000000000000000e+01	2.891845284899778341e-03
7.500000000000000000e+01	2.656341344585470398e-03
7.600000000000000000e+01	2.435696159662917217e-03
7.700000000000000000e+01	2.229287026189785952e-03
7.800000000000000000e+01	2.036551523515241734e-03
7.900000000000000000e+01	1.856978242965778370e-03
8.000000000000000000e+01	1.690098041805368750e-03
8.100000000000000000e+01	1.535475847025279030e-03
8.200000000000000000e+01	1.392703032607725240e-03
8.300000000000000000e+01	1.261390392331039221e-03
8.400000000000000000e+01	1.141161727988201750e-03
8.500000000000000000e+01	1.031648070126950931e-03
8.600000000000000000e+01	9.324825451444688400e-04
8.700000000000000000e+01	8.432958988437091888e-04
8.800000000000000000e+01	7.637126824461430491e-04
8.900000000000000000e+01	6.933481026247837690e-04
9.000000000000000000e+01	6.318055324418287311e-04
9.100000000000000000e+01	5.786746752189072043e-04
9.200000000000000000e+01	5.335303684074597539e-04
9.300000000000000000e+01	4.959320095351012593e-04
9.400000000000000000e+01	4.654235813531977517e-04
9.500000000000000000e+01	4.415342484722534514e-04
9.600000000000000000e+01	4.237794931137508375e-04
9.700000000000000000e+01	4.116627531957147584e-04
9.800000000000000000e+01	4.046775218666597376e-04
9.900000000000000000e+01	4.023098638666869516e-04
