# nlayers	|E|^2	slope = -0.018182869955774228
0.000000000000000000e+00	6.402946502391422268e-01
1.000000000000000000e+00	5.942950966030994264e-01
2.000000000000000000e+00	5.516803227524869069e-01
3.000000000000000000e+00	5.122029090041878563e-01
4.000000000000000000e+00	4.756323567483176085e-01
5.000000000000000000e+00	4.417539294908833791e-01
6.000000000000000000e+00	4.103675897123413852e-01
7.000000000000000000e+00	3.812870235874450398e-01
8.000000000000000000e+00	3.543387460256723354e-01
9.000000000000000000e+00	3.293612788927521295e-01
1.000000000000000000e+01	3.062043956653398014e-01
1.100000000000000000e+01	2.847284261551878415e-01
1.200000000000000000e+01	2.648036153181634877e-01
1.300000000000000000e+01	2.463095305387599243e-01
1.400000000000000000e+01	2.291345121533366336e-01
1.500000000000000000e+01	2.131751623459085532e-01
1.600000000000000000e+01	1.983358679191044582e-01
1.700000000000000000e+01	1.845283528098049242e-01
1.800000000000000000e+01	1.716712565834951076e-01
1.900000000000000000e+01	1.596897355027299681e-01
2.000000000000000000e+01	1.485150831222725731e-01
2.100000000000000000e+01	1.380843677151304683e-01
2.200000000000000000e+01	1.283400841784061719e-01
2.300000000000000000e+01	1.192298184039414510e-01
2.400000000000000000e+01	1.107059224244432011e-01
2.500000000000000000e+01	1.027251989592793818e-01
2.600000000000000000e+01	9.524859428359588875e-02
2.700000000000000000e+01	8.824089862797687700e-02
2.800000000000000000e+01	8.167045358176598657e-02
2.900000000000000000e+01	7.550886621967979606e-02
3.000000000000000000e+01	6.973072989691135593e-02
3.100000000000000000e+01	6.431335186111537816e-02
3.200000000000000000e+01	5.923648800926815255e-02
3.300000000000000000e+01	5.448208527239425253e-02
3.400000000000000000e+01	5.003403224077096478e-02
3.500000000000000000e+01	4.587791874595784775e-02
3.600000000000000000e+01	4.200080519360366305e-02
3.700000000000000000e+01	3.839100249250616131e-02
3.800000000000000000e+01	3.503786345117216455e-02
3.900000000000000000e+01	3.193158651377064894e-02
4.000000000000000000e+01	2.906303268379986995e-02
4.100000000000000000e+01	2.642355643719273423e-02
4.200000000000000000e+01	2.400485135841732079e-02
4.300000000000000000e+01	2.179881114510235501e-02
4.400000000000000000e+01	1.979740652076612817e-02
4.500000000000000000e+01	1.799257847350026890e-02
4.600000000000000000e+01	1.637614810327849002e-02
4.700000000000000000e+01	1.493974321440276302e-02
4.800000000000000000e+01	1.367474163505536140e-02
4.900000000000000000e+01	1.257223108567230574e-02
5.000000000000000000e+01	1.162298525461513861e-02
5.100000000000000000e+01	1.081745557612901268e-02
5.200000000000000000e+01	1.014577804454691416e-02
5.300000000000000000e+01	9.597794242780136043e-03
5.400000000000000000e+01	9.163085614876050750e-03
5.500000000000000000e+01	8.831019874244490017e-03
5.600000000000000000e+01	8.590808313308526817e-03
5.700000000000000000e+01	8.431572668882694049e-03
5.800000000000000000e+01	8.342420102358577907e-03
5.900000000000000000e+01	8.312524776371033389e-03
