# nlayers	|E|^2	slope = -0.029800945076127627
0.000000000000000000e+00	7.614970323479191006e-01
1.000000000000000000e+00	6.983089740887149510e-01
2.000000000000000000e+00	6.405755100202938923e-01
3.000000000000000000e+00	5.879291595631879197e-01
4.000000000000000000e+00	5.400114349705789074e-01
5.000000000000000000e+00	4.964697253072555272e-01
6.000000000000000000e+00	4.569555100362544531e-01
7.000000000000000000e+00	4.211238568309309538e-01
8.000000000000000000e+00	3.886341083679021313e-01
9.000000000000000000e+00	3.591516166262522236e-01
1.000000000000000000e+01	3.323503428575514951e-01
1.100000000000000000e+01	3.079161088556408576e-01
1.200000000000000000e+01	2.855502620286443083e-01
1.300000000000000000e+01	2.649735041959697113e-01
1.400000000000000000e+01	2.459296326387146459e-01
1.500000000000000000e+01	2.281889518326501998e-01
1.600000000000000000e+01	2.115511350649517397e-01
1.700000000000000000e+01	1.958473458417678004e-01
1.800000000000000000e+01	1.809414682270584773e-01
1.900000000000000000e+01	1.667303412044379429e-01
2.000000000000000000e+01	1.531429426957528206e-01
2.100000000000000000e+01	1.401385216577812065e-01
2.200000000000000000e+01	1.277037292591593487e-01
2.300000000000000000e+01	1.158488500685921213e-01
2.400000000000000000e+01	1.046032791403398582e-01
2.500000000000000000e+01	9.401042877342789816e-02
2.600000000000000000e+01	8.412227778649319920e-02
2.700000000000000000e+01	7.499379504289138687e-02
2.800000000000000000e+01	6.667747680896529694e-02
2.900000000000000000e+01	5.921823397762787655e-02
3.000000000000000000e+01	5.264885041890245143e-02
3.100000000000000000e+01	4.698620843355440918e-02
3.200000000000000000e+01	4.222844268273207718e-02
3.300000000000000000e+01	3.835314167931286322e-02
3.400000000000000000e+01	3.531666794893484340e-02
3.500000000000000000e+01	3.305461656032691181e-02
3.600000000000000000e+01	3.148337930570332954e-02
3.700000000000000000e+01	3.050273084964904777e-02
3.800000000000000000e+01	2.999930605717019208e-02
3.900000000000000000e+01	2.985079667510017604e-02
