# nlayers	|E|^2	slope = -0.016487413242601612
0.000000000000000000e+00	7.702145016546816381e-01
1.000000000000000000e+00	7.081350212569517133e-01
2.000000000000000000e+00	6.510351549273576399e-01
3.000000000000000000e+00	5.985184292054530619e-01
4.000000000000000000e+00	5.502209215121744990e-01
5.000000000000000000e+00	5.058084037440703229e-01
6.000000000000000000e+00	4.649736971365053262e-01
7.000000000000000000e+00	4.274342333397350702e-01
8.000000000000000000e+00	3.929298173744060207e-01
9.000000000000000000e+00	3.612205882218409436e-01
1.000000000000000000e+01	3.320851723226683205e-01
1.100000000000000000e+01	3.053190242895053585e-01
1.200000000000000000e+01	2.807329477879321744e-01
1.300000000000000000e+01	2.581517879206955968e-01
1.400000000000000000e+01	2.374132846871432889e-01
1.500000000000000000e+01	2.183670753103229834e-01
1.600000000000000000e+01	2.008738315522486106e-01
1.700000000000000000e+01	1.848045166894415892e-01
1.800000000000000000e+01	1.700397456984108213e-01
1.900000000000000000e+01	1.564692314885784141e-01
2.000000000000000000e+01	1.439912997808379946e-01
2.100000000000000000e+01	1.325124555014301209e-01
2.200000000000000000e+01	1.219469843550418653e-01
2.300000000000000000e+01	1.122165745433186118e-01
2.400000000000000000e+01	1.032499453650416593e-01
2.500000000000000000e+01	9.498247160813072520e-02
2.600000000000000000e+01	8.735579513696388465e-02
2.700000000000000000e+01	8.031741779044193619e-02
2.800000000000000000e+01	7.382027252436684783e-02
2.900000000000000000e+01	6.782227253749480156e-02
3.000000000000000000e+01	6.228584079495969039e-02
3.100000000000000000e+01	5.717742479172033959e-02
3.200000000000000000e+01	5.246700347890483757e-02
3.300000000000000000e+01	4.812759491956838942e-02
3.400000000000000000e+01	4.413477437931058456e-02
3.500000000000000000e+01	4.046621314622723259e-02
3.600000000000000000e+01	3.710124839376828521e-02
3.700000000000000000e+01	3.402049385532601028e-02
3.800000000000000000e+01	3.120550000278345115e-02
3.900000000000000000e+01	2.863847086924046006e-02
4.000000000000000000e+01	2.630204270697586791e-02
4.100000000000000000e+01	2.417912742186322655e-02
4.200000000000000000e+01	2.225282128511347352e-02
4.300000000000000000e+01	2.050637691111416652e-02
4.400000000000000000e+01	1.892323402804729424e-02
4.500000000000000000e+01	1.748710227500744480e-02
4.600000000000000000e+01	1.618208724640160870e-02
4.700000000000000000e+01	1.499284936897157111e-02
4.800000000000000000e+01	1.390478401836905790e-02
4.900000000000000000e+01	1.290421061868370425e-02
5.000000000000000000e+01	1.197855835316400004e-02
5.100000000000000000e+01	1.111653655514316906e-02
5.200000000000000000e+01	1.030827882618795197e-02
5.300000000000000000e+01	9.545451399657628108e-03
5.400000000000000000e+01	8.821318164833492209e-03
5.500000000000000000e+01	8.130757002077923512e-03
5.600000000000000000e+01	7.470224549628299605e-03
5.700000000000000000e+01	6.837669113011226457e-03
5.800000000000000000e+01	6.232394018315031391e-03
5.900000000000000000e+01	5.654876180232496115e-03
6.000000000000000000e+01	5.106546889999219289e-03
6.100000000000000000e+01	4.589543723192337360e-03
6.200000000000000000e+01	4.106443934757732575e-03
6.300000000000000000e+01	3.659990680528215495e-03
6.400000000000000000e+01	3.252823835998985488e-03
6.500000000000000000e+01	2.887227054657911466e-03
6.600000000000000000e+01	2.564902026371598896e-03
6.700000000000000000e+01	2.286779693764488201e-03
6.800000000000000000e+01	2.052876518152745456e-03
6.900000000000000000e+01	1.862201835086188095e-03
7.000000000000000000e+01	1.712719999624889725e-03
7.100000000000000000e+01	1.601368503346674603e-03
7.200000000000000000e+01	1.524130667292778385e-03
7.300000000000000000e+01	1.476158998926610467e-03
7.400000000000000000e+01	1.451942965099642466e-03
7.500000000000000000e+01	1.445512886909339299e-03
7.600000000000000000e+01	1.450670002486396330e-03
7.700000000000000000e+01	1.461231548304755667e-03
7.800000000000000000e+01	1.471279034897370400e-03
7.900000000000000000e+01	1.475397770758459046e-03
