# nlayers	|E|^2	slope = -0.06746093159095516
0.000000000000000000e+00	8.855614240504718904e-01
1.000000000000000000e+00	8.003093063516621974e-01
2.000000000000000000e+00	7.170318769585934948e-01
3.000000000000000000e+00	6.368066772516679519e-01
4.000000000000000000e+00	5.608929028793681049e-01
5.000000000000000000e+00	4.906111063733394340e-01
6.000000000000000000e+00	4.272213061587078475e-01
7.000000000000000000e+00	3.718078004154173333e-01
8.000000000000000000e+00	3.251785340588362883e-01
9.000000000000000000e+00	2.877858669441352713e-01
1.000000000000000000e+01	2.596741112811856156e-01
1.100000000000000000e+01	2.404573497287522121e-01
1.200000000000000000e+01	2.293289425678524118e-01
1.300000000000000000e+01	2.251019298053473783e-01
1.400000000000000000e+01	2.262773860455359887e-01
1.500000000000000000e+01	2.311358426867196891e-01
1.600000000000000000e+01	2.378452893340689822e-01
1.700000000000000000e+01	2.445781163423098037e-01
1.800000000000000000e+01	2.496287435427198553e-01
1.900000000000000000e+01	2.515236396374868066e-01
