# nlayers	|E|^2	slope = -0.010825942941763866
0.000000000000000000e+00	6.417400521932719037e-01
1.000000000000000000e+00	5.981622051507911042e-01
2.000000000000000000e+00	5.575382759639281316e-01
3.000000000000000000e+00	5.196681012719849280e-01
4.000000000000000000e+00	4.843651304134191649e-01
5.000000000000000000e+00	4.514554985564395162e-01
6.000000000000000000e+00	4.207771624822305156e-01
7.000000000000000000e+00	3.921790948005650645e-01
8.000000000000000000e+00	3.655205326659983212e-01
9.000000000000000000e+00	3.406702773313775023e-01
1.000000000000000000e+01	3.175060411253931014e-01
1.100000000000000000e+01	2.959138386735576387e-01
1.200000000000000000e+01	2.757874193985445643e-01
1.300000000000000000e+01	2.570277385372681800e-01
1.400000000000000000e+01	2.395424640995324761e-01
1.500000000000000000e+01	2.232455173674118831e-01
1.600000000000000000e+01	2.080566446966863603e-01
1.700000000000000000e+01	1.939010185324389623e-01
1.800000000000000000e+01	1.807088656911461089e-01
1.900000000000000000e+01	1.684151210919563046e-01
2.000000000000000000e+01	1.569591052410675702e-01
2.100000000000000000e+01	1.462842238858003130e-01
2.200000000000000000e+01	1.363376883597416933e-01
2.300000000000000000e+01	1.270702552377509509e-01
2.400000000000000000e+01	1.184359840102105210e-01
2.500000000000000000e+01	1.103920115701600979e-01
2.600000000000000000e+01	1.028983423853337686e-01
2.700000000000000000e+01	9.591765330006163381e-02
2.800000000000000000e+01	8.941511197989632231e-02
2.900000000000000000e+01	8.335820807506658103e-02
3.000000000000000000e+01	7.771659623778894022e-02
3.100000000000000000e+01	7.246195018341770877e-02
3.200000000000000000e+01	6.756782703668534618e-02
3.300000000000000000e+01	6.300954125216672030e-02
3.400000000000000000e+01	5.876404744285484982e-02
3.500000000000000000e+01	5.480983149260704873e-02
3.600000000000000000e+01	5.112680936743958793e-02
3.700000000000000000e+01	4.769623307741938101e-02
3.800000000000000000e+01	4.450060327542415539e-02
3.900000000000000000e+01	4.152358801149103051e-02
4.000000000000000000e+01	3.874994719201171889e-02
4.100000000000000000e+01	3.616546232181297449e-02
4.200000000000000000e+01	3.375687113431640601e-02
4.300000000000000000e+01	3.151180674062954712e-02
4.400000000000000000e+01	2.941874095269059533e-02
4.500000000000000000e+01	2.746693145857500087e-02
4.600000000000000000e+01	2.564637254986408196e-02
4.700000000000000000e+01	2.394774912165551634e-02
4.800000000000000000e+01	2.236239368543540065e-02
4.900000000000000000e+01	2.088224615369568479e-02
5.000000000000000000e+01	1.949981617292642980e-02
5.100000000000000000e+01	1.820814779848689557e-02
5.200000000000000000e+01	1.700078632090825173e-02
5.300000000000000000e+01	1.587174706843845137e-02
5.400000000000000000e+01	1.481548602513932909e-02
5.500000000000000000e+01	1.382687211761362243e-02
5.600000000000000000e+01	1.290116103649792748e-02
5.700000000000000000e+01	1.203397047122580117e-02
5.800000000000000000e+01	1.122125664825875807e-02
5.900000000000000000e+01	1.045929207401515883e-02
6.000000000000000000e+01	9.744644394109018212e-03
6.100000000000000000e+01	9.074156290251626442e-03
6.200000000000000000e+01	8.444926345277086605e-03
6.300000000000000000e+01	7.854290815235438067e-03
6.400000000000000000e+01	7.299806255360865963e-03
6.500000000000000000e+01	6.779232953974633283e-03
6.600000000000000000e+01	6.290519135029573952e-03
6.700000000000000000e+01	5.831785896053407608e-03
6.800000000000000000e+01	5.401312853709636097e-03
6.900000000000000000e+01	4.997524474078077726e-03
7.000000000000000000e+01	4.618977069071950221e-03
7.100000000000000000e+01	4.264346444168357932e-03
7.200000000000000000e+01	3.932416185847640439e-03
7.300000000000000000e+01	3.622066579830333227e-03
7.400000000000000000e+01	3.332264153386223140e-03
7.500000000000000000e+01	3.062051836687862752e-03
7.600000000000000000e+01	2.810539739412137340e-03
7.700000000000000000e+01	2.576896539581853551e-03
7.800000000000000000e+01	2.360341482009687547e-03
7.900000000000000000e+01	2.160136983686422683e-03
8.000000000000000000e+01	1.975581843072601439e-03
8.100000000000000000e+01	1.806005049537880375e-03
8.200000000000000000e+01	1.650760188176785383e-03
8.300000000000000000e+01	1.509220433946022915e-03
8.400000000000000000e+01	1.380774127550622819e-03
8.500000000000000000e+01	1.264820923788414304e-03
8.600000000000000000e+01	1.160768501179693405e-03
8.700000000000000000e+01	1.068029819696679960e-03
8.800000000000000000e+01	9.860209113008860937e-04
8.900000000000000000e+01	9.141591858310319863e-04
9.000000000000000000e+01	8.518622325942883360e-04
9.100000000000000000e+01	7.985470958335446961e-04
9.200000000000000000e+01	7.536300001060463900e-04
9.300000000000000000e+01	7.165264995460255207e-04
9.400000000000000000e+01	6.866520230262602043e-04
9.500000000000000000e+01	6.634227854094481907e-04
9.600000000000000000e+01	6.462570334167868236e-04
9.700000000000000000e+01	6.345765931627297398e-04
9.800000000000000000e+01	6.278086851340001964e-04
9.900000000000000000e+01	6.253879713473733384e-04
