# nlayers	|E|^2	slope = -0.02683555123307646
0.000000000000000000e+00	6.851627915032978411e-01
1.000000000000000000e+00	6.364505070901708139e-01
2.000000000000000000e+00	5.914829580814136012e-01
3.000000000000000000e+00	5.499192826773473541e-01
4.000000000000000000e+00	5.114437491407634040e-01
5.000000000000000000e+00	4.757651321023815272e-01
6.000000000000000000e+00	4.426161195701143747e-01
7.000000000000000000e+00	4.117527221081989652e-01
8.000000000000000000e+00	3.829536586895138095e-01
9.000000000000000000e+00	3.560196970662801164e-01
1.000000000000000000e+01	3.307729300980358778e-01
1.100000000000000000e+01	3.070559732617338944e-01
1.200000000000000000e+01	2.847310724824066441e-01
1.300000000000000000e+01	2.636791153954801126e-01
1.400000000000000000e+01	2.437985431127509262e-01
1.500000000000000000e+01	2.250041634417470071e-01
1.600000000000000000e+01	2.072258702320262658e-01
1.700000000000000000e+01	1.904072770237308088e-01
1.800000000000000000e+01	1.745042763890770343e-01
1.900000000000000000e+01	1.594835392274598362e-01
2.000000000000000000e+01	1.453209707471023460e-01
2.100000000000000000e+01	1.320001418961004036e-01
2.200000000000000000e+01	1.195107165574325475e-01
2.300000000000000000e+01	1.078468958697299113e-01
2.400000000000000000e+01	9.700590156215488369e-02
2.500000000000000000e+01	8.698652019195628193e-02
2.600000000000000000e+01	7.778772965216892987e-02
2.700000000000000000e+01	6.940742829008789139e-02
2.800000000000000000e+01	6.184128547046661983e-02
2.900000000000000000e+01	5.508173046651261562e-02
3.000000000000000000e+01	4.911709421139028031e-02
3.100000000000000000e+01	4.393091574591483778e-02
3.200000000000000000e+01	3.950142221430600481e-02
3.300000000000000000e+01	3.580118805493269496e-02
3.400000000000000000e+01	3.279697567702262451e-02
3.500000000000000000e+01	3.044975648041979566e-02
3.600000000000000000e+01	2.871490763818362532e-02
3.700000000000000000e+01	2.754257669558450930e-02
3.800000000000000000e+01	2.687820281665315864e-02
3.900000000000000000e+01	2.666318050051688648e-02
