# nlayers	|E|^2	slope = -0.029219785656619545
0.000000000000000000e+00	7.073785442731028716e-01
1.000000000000000000e+00	6.563213202984194972e-01
2.000000000000000000e+00	6.087342790379416391e-01
3.000000000000000000e+00	5.643209926786718622e-01
4.000000000000000000e+00	5.228158119523250713e-01
5.000000000000000000e+00	4.839821292792544916e-01
6.000000000000000000e+00	4.476105818260698310e-01
7.000000000000000000e+00	4.135171909203724239e-01
8.000000000000000000e+00	3.815414387130200979e-01
9.000000000000000000e+00	3.515442871732183394e-01
1.000000000000000000e+01	3.234061483738158160e-01
1.100000000000000000e+01	2.970248185083373405e-01
1.200000000000000000e+01	2.723133911192048839e-01
1.300000000000000000e+01	2.491981675583367084e-01
1.400000000000000000e+01	2.276165847062543435e-01
1.500000000000000000e+01	2.075151814136963480e-01
1.600000000000000000e+01	1.888476259812953417e-01
1.700000000000000000e+01	1.715728272503858343e-01
1.800000000000000000e+01	1.556531515454672443e-01
1.900000000000000000e+01	1.410527668019350145e-01
2.000000000000000000e+01	1.277361337585519452e-01
2.100000000000000000e+01	1.156666621307698983e-01
2.200000000000000000e+01	1.048055472566167823e-01
2.300000000000000000e+01	9.511079987878834352e-02
2.400000000000000000e+01	8.653647856019563989e-02
2.500000000000000000e+01	7.903213079756835069e-02
2.600000000000000000e+01	7.254244527602282666e-02
2.700000000000000000e+01	6.700711397762679211e-02
2.800000000000000000e+01	6.236089910167240402e-02
2.900000000000000000e+01	5.853389605660210687e-02
3.000000000000000000e+01	5.545198022477626498e-02
3.100000000000000000e+01	5.303742185980875323e-02
3.200000000000000000e+01	5.120965042548258905e-02
3.300000000000000000e+01	4.988614699239297262e-02
3.400000000000000000e+01	4.898344103282558509e-02
3.500000000000000000e+01	4.841818614635554768e-02
3.600000000000000000e+01	4.810828794863041685e-02
3.700000000000000000e+01	4.797405659331325373e-02
3.800000000000000000e+01	4.793935619027771267e-02
3.900000000000000000e+01	4.793272373812362819e-02
