# nlayers	|E|^2	slope = -0.015910522672659688
0.000000000000000000e+00	7.401374347896213512e-01
1.000000000000000000e+00	6.819447250865193766e-01
2.000000000000000000e+00	6.283409648346093279e-01
3.000000000000000000e+00	5.789665834164891001e-01
4.000000000000000000e+00	5.334896408736724549e-01
5.000000000000000000e+00	4.916036457099347001e-01
6.000000000000000000e+00	4.530255656790238006e-01
7.000000000000000000e+00	4.174940160496108388e-01
8.000000000000000000e+00	3.847676103336315490e-01
9.000000000000000000e+00	3.546234589553269312e-01
1.000000000000000000e+01	3.268558018510102081e-01
1.100000000000000000e+01	3.012747615436845439e-01
1.200000000000000000e+01	2.777052038475354423e-01
1.300000000000000000e+01	2.559856940358393729e-01
1.400000000000000000e+01	2.359675370579475406e-01
1.500000000000000000e+01	2.175138912179201689e-01
1.600000000000000000e+01	2.004989456256011660e-01
1.700000000000000000e+01	1.848071526925703367e-01
1.800000000000000000e+01	1.703325079586519852e-01
1.900000000000000000e+01	1.569778705842318767e-01
2.000000000000000000e+01	1.446543189115191697e-01
2.100000000000000000e+01	1.332805365640384598e-01
2.200000000000000000e+01	1.227822255967454257e-01
2.300000000000000000e+01	1.130915442075515753e-01
2.400000000000000000e+01	1.041465674534469421e-01
2.500000000000000000e+01	9.589077026080951305e-02
2.600000000000000000e+01	8.827253276188039288e-02
2.700000000000000000e+01	8.124466861244918070e-02
2.800000000000000000e+01	7.476397743751815594e-02
2.900000000000000000e+01	6.879082290383259357e-02
3.000000000000000000e+01	6.328873812652553721e-02
3.100000000000000000e+01	5.822406018186506577e-02
3.200000000000000000e+01	5.356559542369582205e-02
3.300000000000000000e+01	4.928431709634626540e-02
3.400000000000000000e+01	4.535309641422011900e-02
3.500000000000000000e+01	4.174646785427522239e-02
3.600000000000000000e+01	3.844042890144463293e-02
3.700000000000000000e+01	3.541227392053242218e-02
3.800000000000000000e+01	3.264046122469461964e-02
3.900000000000000000e+01	3.010451179470914271e-02
4.000000000000000000e+01	2.778493749939142665e-02
4.100000000000000000e+01	2.566319609958567227e-02
4.200000000000000000e+01	2.372166980853157928e-02
4.300000000000000000e+01	2.194366375022824625e-02
4.400000000000000000e+01	2.031342032194441080e-02
4.500000000000000000e+01	1.881614524104396891e-02
4.600000000000000000e+01	1.743804094966577845e-02
4.700000000000000000e+01	1.616634306912781774e-02
4.800000000000000000e+01	1.498935574039736256e-02
4.900000000000000000e+01	1.389648195430914432e-02
5.000000000000000000e+01	1.287824535781118170e-02
5.100000000000000000e+01	1.192630050870519161e-02
5.200000000000000000e+01	1.103342912579885135e-02
5.300000000000000000e+01	1.019352052565542475e-02
5.400000000000000000e+01	9.401535130284311911e-03
5.500000000000000000e+01	8.653450649476495185e-03
5.600000000000000000e+01	7.946191263388555776e-03
5.700000000000000000e+01	7.277540831593556914e-03
5.800000000000000000e+01	6.646041810982780164e-03
5.900000000000000000e+01	6.050882154912792278e-03
6.000000000000000000e+01	5.491772970345631770e-03
6.100000000000000000e+01	4.968820111801651798e-03
6.200000000000000000e+01	4.482393177558498601e-03
6.300000000000000000e+01	4.032995535414135059e-03
6.400000000000000000e+01	3.621139037439138810e-03
6.500000000000000000e+01	3.247226984826452785e-03
6.600000000000000000e+01	2.911448678983756880e-03
6.700000000000000000e+01	2.613688551482004456e-03
6.800000000000000000e+01	2.353452415476119455e-03
6.900000000000000000e+01	2.129812840467069229e-03
7.000000000000000000e+01	1.941375039573332633e-03
7.100000000000000000e+01	1.786263995056931340e-03
7.200000000000000000e+01	1.662132856650504198e-03
7.300000000000000000e+01	1.566191952133523481e-03
7.400000000000000000e+01	1.495257074598942311e-03
7.500000000000000000e+01	1.445815079223661736e-03
7.600000000000000000e+01	1.414104255895564516e-03
7.700000000000000000e+01	1.396206462301698538e-03
7.800000000000000000e+01	1.388147621681506136e-03
7.900000000000000000e+01	1.386002923552450122e-03
