# nlayers	|E|^2	slope = -0.013211978458442353
0.000000000000000000e+00	8.250480924415743988e-01
1.000000000000000000e+00	7.550743284569053637e-01
2.000000000000000000e+00	6.910378388046378717e-01
3.000000000000000000e+00	6.324358184978174924e-01
4.000000000000000000e+00	5.788076099826939824e-01
5.000000000000000000e+00	5.297311066150537373e-01
6.000000000000000000e+00	4.848195220066306987e-01
7.000000000000000000e+00	4.437184896491444541e-01
8.000000000000000000e+00	4.061034535598818107e-01
9.000000000000000000e+00	3.716773086744123988e-01
1.000000000000000000e+01	3.401682498339018146e-01
1.100000000000000000e+01	3.113277906959173169e-01
1.200000000000000000e+01	2.849289186581271394e-01
1.300000000000000000e+01	2.607643585548980458e-01
1.400000000000000000e+01	2.386449258552290897e-01
1.500000000000000000e+01	2.183979585752984787e-01
1.600000000000000000e+01	1.998658252635416854e-01
1.700000000000000000e+01	1.829045133916351873e-01
1.800000000000000000e+01	1.673823075891428258e-01
1.900000000000000000e+01	1.531785699023104907e-01
2.000000000000000000e+01	1.401826344184805562e-01
2.100000000000000000e+01	1.282928262540939668e-01
2.200000000000000000e+01	1.174156104225380914e-01
2.300000000000000000e+01	1.074648700906496723e-01
2.400000000000000000e+01	9.836130698615831724e-02
2.500000000000000000e+01	9.003195010084275030e-02
2.600000000000000000e+01	8.240975319271726107e-02
2.700000000000000000e+01	7.543325765115294068e-02
2.800000000000000000e+01	6.904629557071535750e-02
2.900000000000000000e+01	6.319770863395024474e-02
3.000000000000000000e+01	5.784106158427737565e-02
3.100000000000000000e+01	5.293433433987109610e-02
3.200000000000000000e+01	4.843958356903603490e-02
3.300000000000000000e+01	4.432257204718853538e-02
3.400000000000000000e+01	4.055237148577028883e-02
3.500000000000000000e+01	3.710095091764902681e-02
3.600000000000000000e+01	3.394276740864596298e-02
3.700000000000000000e+01	3.105437830823386258e-02
3.800000000000000000e+01	2.841409418563455025e-02
3.900000000000000000e+01	2.600168904799236153e-02
4.000000000000000000e+01	2.379817972541024493e-02
4.100000000000000000e+01	2.178568000885064415e-02
4.200000000000000000e+01	1.994732800356006225e-02
4.300000000000000000e+01	1.826727807167242632e-02
4.400000000000000000e+01	1.673074253664482910e-02
4.500000000000000000e+01	1.532406375641385404e-02
4.600000000000000000e+01	1.403479479387330538e-02
4.700000000000000000e+01	1.285176701427253113e-02
4.800000000000000000e+01	1.176512551624259682e-02
4.900000000000000000e+01	1.076631805866650610e-02
5.000000000000000000e+01	9.848029522658847956e-03
5.100000000000000000e+01	9.004061196630393227e-03
5.200000000000000000e+01	8.229161438910030310e-03
5.300000000000000000e+01	7.518820700170876850e-03
5.400000000000000000e+01	6.869048719485387929e-03
5.500000000000000000e+01	6.276154374689162443e-03
5.600000000000000000e+01	5.736548857780968819e-03
5.700000000000000000e+01	5.246590540745097765e-03
5.800000000000000000e+01	4.802485373610775564e-03
5.900000000000000000e+01	4.400250454803326591e-03
6.000000000000000000e+01	4.035741272769414502e-03
6.100000000000000000e+01	3.704735887540216901e-03
6.200000000000000000e+01	3.403062861751934235e-03
6.300000000000000000e+01	3.126754831376455344e-03
6.400000000000000000e+01	2.872206812827972876e-03
6.500000000000000000e+01	2.636318008613526900e-03
6.600000000000000000e+01	2.416598039762374219e-03
6.700000000000000000e+01	2.211222944533990185e-03
6.800000000000000000e+01	2.019032417471415975e-03
6.900000000000000000e+01	1.839466894243601798e-03
7.000000000000000000e+01	1.672450371028812296e-03
7.100000000000000000e+01	1.518231419419423765e-03
7.200000000000000000e+01	1.377199940236820434e-03
7.300000000000000000e+01	1.249700190170872395e-03
7.400000000000000000e+01	1.135861159857623611e-03
7.500000000000000000e+01	1.035463417058472098e-03
7.600000000000000000e+01	9.478572878810645561e-04
7.700000000000000000e+01	8.719412363194079365e-04
7.800000000000000000e+01	8.062022318037525203e-04
7.900000000000000000e+01	7.488126054243841954e-04
8.000000000000000000e+01	6.977712533823494153e-04
8.100000000000000000e+01	6.510718395791734647e-04
8.200000000000000000e+01	6.068774962840520724e-04
8.300000000000000000e+01	5.636807970052967178e-04
8.400000000000000000e+01	5.204295654041803847e-04
8.500000000000000000e+01	4.766031763080033298e-04
8.600000000000000000e+01	4.322299143703808009e-04
8.700000000000000000e+01	3.878429818120000317e-04
8.800000000000000000e+01	3.443800555929344234e-04
8.900000000000000000e+01	3.030380193535239320e-04
9.000000000000000000e+01	2.650998388136448767e-04
9.100000000000000000e+01	2.317538772504272094e-04
9.200000000000000000e+01	2.039268655046108777e-04
9.300000000000000000e+01	1.821501399596970260e-04
9.400000000000000000e+01	1.664748322040966830e-04
9.500000000000000000e+01	1.564459020220279367e-04
9.600000000000000000e+01	1.511379383140371187e-04
9.700000000000000000e+01	1.492483372727481598e-04
9.800000000000000000e+01	1.492366716914766554e-04
9.900000000000000000e+01	1.494935960343929567e-04
