# nlayers	|E|^2	slope = -0.023175269816579247
0.000000000000000000e+00	8.000551344083498551e-01
1.000000000000000000e+00	7.336358837956077350e-01
2.000000000000000000e+00	6.726142645319910240e-01
3.000000000000000000e+00	6.165763579984916420e-01
4.000000000000000000e+00	5.651462054508675781e-01
5.000000000000000000e+00	5.179801939090776797e-01
6.000000000000000000e+00	4.747618142144998110e-01
7.000000000000000000e+00	4.351969402411556831e-01
8.000000000000000000e+00	3.990097597703278764e-01
9.000000000000000000e+00	3.659394584589887867e-01
1.000000000000000000e+01	3.357377208058539564e-01
1.100000000000000000e+01	3.081670687794046404e-01
1.200000000000000000e+01	2.830000129446358370e-01
1.300000000000000000e+01	2.600189458067111992e-01
1.400000000000000000e+01	2.390166659199096932e-01
1.500000000000000000e+01	2.197973870459030976e-01
1.600000000000000000e+01	2.021780617540064329e-01
1.700000000000000000e+01	1.859898351440516517e-01
1.800000000000000000e+01	1.710794428596203176e-01
1.900000000000000000e+01	1.573103784075474132e-01
2.000000000000000000e+01	1.445636773024649435e-01
2.100000000000000000e+01	1.327381981874317107e-01
2.200000000000000000e+01	1.217503216063989813e-01
2.300000000000000000e+01	1.115330327291935153e-01
2.400000000000000000e+01	1.020344019029594679e-01
2.500000000000000000e+01	9.321552313449699145e-02
2.600000000000000000e+01	8.504801229565089882e-02
2.700000000000000000e+01	7.751120110374448702e-02
2.800000000000000000e+01	7.058918739269558207e-02
2.900000000000000000e+01	6.426791517204118176e-02
3.000000000000000000e+01	5.853245858524094153e-02
3.100000000000000000e+01	5.336467210243572845e-02
3.200000000000000000e+01	4.874134595766620864e-02
3.300000000000000000e+01	4.463297261335279209e-02
3.400000000000000000e+01	4.100318924316526809e-02
3.500000000000000000e+01	3.780891573319745957e-02
3.600000000000000000e+01	3.500116070279926661e-02
3.700000000000000000e+01	3.252642283696133979e-02
3.800000000000000000e+01	3.032857457223422579e-02
3.900000000000000000e+01	2.835108271072990516e-02
4.000000000000000000e+01	2.653939813002381687e-02
4.100000000000000000e+01	2.484333598511734645e-02
4.200000000000000000e+01	2.321926942258398588e-02
4.300000000000000000e+01	2.163197374024500644e-02
4.400000000000000000e+01	2.005598316241222548e-02
4.500000000000000000e+01	1.847635720322537631e-02
4.600000000000000000e+01	1.688879553222484217e-02
4.700000000000000000e+01	1.529908641098830409e-02
4.800000000000000000e+01	1.372192091652756248e-02
4.900000000000000000e+01	1.217915001557355430e-02
5.000000000000000000e+01	1.069760097353521060e-02
5.100000000000000000e+01	9.306600821535327556e-03
5.200000000000000000e+01	8.035375484607936228e-03
5.300000000000000000e+01	6.910502237730021223e-03
5.400000000000000000e+01	5.953589773223235022e-03
5.500000000000000000e+01	5.179344572183759363e-03
5.600000000000000000e+01	4.594155565900511287e-03
5.700000000000000000e+01	4.195293119266543802e-03
5.800000000000000000e+01	3.970775681612772473e-03
5.900000000000000000e+01	3.899911016186623485e-03
