# nlayers	|E|^2	slope = -0.017543737381598534
0.000000000000000000e+00	8.249822931104653367e-01
1.000000000000000000e+00	7.549631226297677244e-01
2.000000000000000000e+00	6.908959991401877332e-01
3.000000000000000000e+00	6.322816187948248068e-01
4.000000000000000000e+00	5.786606683582727895e-01
5.000000000000000000e+00	5.296100682204486487e-01
6.000000000000000000e+00	4.847398563062287891e-01
7.000000000000000000e+00	4.436906636886785993e-01
8.000000000000000000e+00	4.061316980326439841e-01
9.000000000000000000e+00	3.717591232534658841e-01
1.000000000000000000e+01	3.402947065196278431e-01
1.100000000000000000e+01	3.114845992394657537e-01
1.200000000000000000e+01	2.850981276971693013e-01
1.300000000000000000e+01	2.609264906672407180e-01
1.400000000000000000e+01	2.387812932481138128e-01
1.500000000000000000e+01	2.184928846925388302e-01
1.600000000000000000e+01	1.999085087523423954e-01
1.700000000000000000e+01	1.828903133018731919e-01
1.800000000000000000e+01	1.673132973456552819e-01
1.900000000000000000e+01	1.530632943479270092e-01
2.000000000000000000e+01	1.400350987784560741e-01
2.100000000000000000e+01	1.281308370026011667e-01
2.200000000000000000e+01	1.172586649264345804e-01
2.300000000000000000e+01	1.073318454413511175e-01
2.400000000000000000e+01	9.826822225514930675e-02
2.500000000000000000e+01	8.999006754134940278e-02
2.600000000000000000e+01	8.242424369312645327e-02
2.700000000000000000e+01	7.550258879659911548e-02
2.800000000000000000e+01	6.916241493132165019e-02
2.900000000000000000e+01	6.334700054424692583e-02
3.000000000000000000e+01	5.800596390334245706e-02
3.100000000000000000e+01	5.309542337478060509e-02
3.200000000000000000e+01	4.857787979632305353e-02
3.300000000000000000e+01	4.442179306891046175e-02
3.400000000000000000e+01	4.060086491684707088e-02
3.500000000000000000e+01	3.709307787660924560e-02
3.600000000000000000e+01	3.387957246903508524e-02
3.700000000000000000e+01	3.094346642853136251e-02
3.800000000000000000e+01	2.826872922667367921e-02
3.900000000000000000e+01	2.583922084473036160e-02
4.000000000000000000e+01	2.363798634626520373e-02
4.100000000000000000e+01	2.164686935834607417e-02
4.200000000000000000e+01	1.984647147769225822e-02
4.300000000000000000e+01	1.821644517236866226e-02
4.400000000000000000e+01	1.673606964313782350e-02
4.500000000000000000e+01	1.538502687411437246e-02
4.600000000000000000e+01	1.414427257504191279e-02
4.700000000000000000e+01	1.299688657980564363e-02
4.800000000000000000e+01	1.192879072934640607e-02
4.900000000000000000e+01	1.092923892906667339e-02
5.000000000000000000e+01	9.991011961570176944e-03
5.100000000000000000e+01	9.110285452690167554e-03
5.200000000000000000e+01	8.286178888742265491e-03
5.300000000000000000e+01	7.520032084799552208e-03
5.400000000000000000e+01	6.814488444488988640e-03
5.500000000000000000e+01	6.172487827696566606e-03
5.600000000000000000e+01	5.596283072583797986e-03
5.700000000000000000e+01	5.086591873995077381e-03
5.800000000000000000e+01	4.641980083458607624e-03
5.900000000000000000e+01	4.258545425181003985e-03
6.000000000000000000e+01	3.929935332680791621e-03
6.100000000000000000e+01	3.647693291886744838e-03
6.200000000000000000e+01	3.401889396340807784e-03
6.300000000000000000e+01	3.181957370301025968e-03
6.400000000000000000e+01	2.977636066971284939e-03
6.500000000000000000e+01	2.779901280821199614e-03
6.600000000000000000e+01	2.581775070545163590e-03
6.700000000000000000e+01	2.378914513204954864e-03
6.800000000000000000e+01	2.169908155012867466e-03
6.900000000000000000e+01	1.956243265609294412e-03
7.000000000000000000e+01	1.741946207919553612e-03
7.100000000000000000e+01	1.532937154217404530e-03
7.200000000000000000e+01	1.336174394272940553e-03
7.300000000000000000e+01	1.158688558499646869e-03
7.400000000000000000e+01	1.006620243349594119e-03
7.500000000000000000e+01	8.843742167063743621e-04
7.600000000000000000e+01	7.939896351544116406e-04
7.700000000000000000e+01	7.348001543758874788e-04
7.800000000000000000e+01	7.034234907268604097e-04
7.900000000000000000e+01	6.940809692636358465e-04
