4.000000000000000000e+02	9.555606501075701240e-03
4.020050125313283047e+02	9.792378009448063012e-03
4.040100250626566663e+02	1.002813561880738606e-02
4.060150375939849710e+02	1.026238981482829014e-02
4.080200501253132757e+02	1.049467351658745808e-02
4.100250626566415804e+02	1.072454238705779044e-02
4.120300751879699419e+02	1.095157503339503312e-02
4.140350877192982466e+02	1.117537310537485180e-02
4.160401002506265513e+02	1.139556130007357386e-02
4.180451127819549129e+02	1.161178728059578981e-02
4.200501253132832176e+02	1.182372151635119328e-02
4.220551378446115223e+02	1.203105705206847405e-02
4.240601503759398270e+02	1.223350921240968885e-02
4.260651629072681885e+02	1.243081524872407043e-02
4.280701754385964932e+02	1.262273393414582376e-02
4.300751879699247979e+02	1.280904511291327055e-02
4.320802005012531026e+02	1.298954920945581161e-02
4.340852130325814642e+02	1.316406670247106600e-02
4.360902255639097689e+02	1.333243756889491982e-02
4.380952380952380736e+02	1.349452070235315423e-02
4.401002506265664351e+02	1.365019331037957591e-02
4.421052631578947398e+02	1.379935029438714850e-02
4.441102756892230445e+02	1.394190361609271706e-02
4.461152882205514061e+02	1.407778165381861485e-02
4.481203007518797108e+02	1.420692855182771608e-02
4.501253132832080155e+02	1.432930356559320231e-02
4.521303258145363202e+02	1.444488040566034755e-02
4.541353383458646817e+02	1.455364658252445917e-02
4.561403508771929864e+02	1.465560275472740925e-02
4.581453634085212911e+02	1.475076208216623622e-02
4.601503759398495959e+02	1.483914958640712538e-02
4.621553884711779574e+02	1.492080151961181107e-02
4.641604010025062621e+02	1.499576474350582111e-02
4.661654135338345668e+02	1.506409611965369745e-02
4.681704260651629284e+02	1.512586191214889721e-02
4.701754385964912331e+02	1.518113720368324815e-02
4.721804511278195378e+02	1.523000532582325858e-02
4.741854636591478993e+02	1.527255730419674849e-02
4.761904761904762040e+02	1.530889131917525896e-02
4.781954887218045087e+02	1.533911218252977104e-02
4.802005012531328134e+02	1.536333083043857871e-02
4.822055137844611181e+02	1.538166383313376191e-02
4.842105263157894797e+02	1.539423292138831535e-02
4.862155388471177844e+02	1.540116452997000902e-02
4.882205513784460891e+02	1.540258935811805729e-02
4.902255639097744506e+02	1.539864194703344236e-02
4.922305764411027553e+02	1.538946027431888422e-02
4.942355889724310600e+02	1.537518536524976054e-02
4.962406015037594216e+02	1.535596092071369288e-02
4.982456140350877263e+02	1.533193296161219910e-02
5.002506265664160310e+02	1.530324948948371018e-02
5.022556390977443357e+02	1.527006016307321662e-02
5.042606516290726404e+02	1.523251599054576202e-02
5.062656641604010019e+02	1.519076903701788162e-02
5.082706766917293066e+02	1.514497214705774406e-02
5.102756892230576113e+02	1.509527868178877491e-02
5.122807017543859729e+02	1.504184227021691453e-02
5.142857142857142208e+02	1.498481657438808894e-02
5.162907268170425823e+02	1.492435506797439373e-02
5.182957393483709438e+02	1.486061082787993801e-02
5.203007518796991917e+02	1.479373633845189502e-02
5.223057644110275533e+02	1.472388330787955356e-02
5.243107769423559148e+02	1.465120249636252259e-02
5.263157894736841627e+02	1.457584355562938257e-02
5.283208020050125242e+02	1.449795487938991718e-02
5.303258145363408858e+02	1.441768346430627110e-02
5.323308270676691336e+02	1.433517478107326944e-02
5.343358395989974952e+02	1.425057265520201892e-02
5.363408521303258567e+02	1.416401915710768615e-02
5.383458646616541046e+02	1.407565450110830930e-02
5.403508771929824661e+02	1.398561695294916855e-02
5.423558897243108277e+02	1.389404274547519948e-02
5.443609022556390755e+02	1.380106600208150756e-02
5.463659147869674371e+02	1.370681866758220388e-02
5.483709273182957986e+02	1.361143044614536793e-02
5.503759398496240465e+02	1.351502874595271637e-02
5.523809523809524080e+02	1.341773863025132532e-02
5.543859649122806559e+02	1.331968277447437635e-02
5.563909774436090174e+02	1.322098142911912015e-02
5.583959899749372653e+02	1.312175238807826785e-02
5.604010025062656268e+02	1.302211096213288372e-02
5.624060150375939884e+02	1.292216995732309477e-02
5.644110275689222362e+02	1.282203965792464567e-02
5.664160401002505978e+02	1.272182781376749415e-02
5.684210526315789593e+02	1.262163963164353656e-02
5.704260651629072072e+02	1.252157777055991870e-02
5.724310776942355687e+02	1.242174234060330028e-02
5.744360902255639303e+02	1.232223090519073139e-02
5.764411027568921781e+02	1.222313848649117865e-02
5.784461152882205397e+02	1.212455757381121144e-02
5.804511278195489012e+02	1.202657813474621029e-02
5.824561403508771491e+02	1.192928762890904486e-02
5.844611528822055107e+02	1.183277102405355663e-02
5.864661654135338722e+02	1.173711081442100485e-02
5.884711779448621201e+02	1.164238704114424656e-02
5.904761904761904816e+02	1.154867731455136784e-02
5.924812030075188432e+02	1.145605683822053036e-02
5.944862155388470910e+02	1.136459843464123452e-02
5.964912280701754526e+02	1.127437257234768613e-02
5.984962406015038141e+02	1.118544739439472462e-02
6.005012531328320620e+02	1.109788874805289066e-02
6.025062656641604235e+02	1.101176021560805809e-02
6.045112781954886714e+02	1.092712314615374748e-02
6.065162907268170329e+02	1.084403668827193731e-02
6.085213032581452808e+02	1.076255782350453438e-02
6.105263157894736423e+02	1.068274140052061227e-02
6.125313283208020039e+02	1.060464016989198614e-02
6.145363408521302517e+02	1.052830481939342859e-02
6.165413533834586133e+02	1.045378400974903386e-02
6.185463659147869748e+02	1.038112441075046341e-02
6.205513784461152227e+02	1.031037073767785903e-02
6.225563909774435842e+02	1.024156578795714506e-02
6.245614035087719458e+02	1.017475047799317085e-02
6.265664160401001936e+02	1.010996388012025057e-02
6.285714285714285552e+02	1.004724325961632234e-02
6.305764411027569167e+02	9.986624111730313738e-03
6.325814536340851646e+02	9.928140198675486014e-03
6.345864661654135261e+02	9.871823586544233378e-03
6.365914786967418877e+02	9.817704682104032993e-03
6.385964912280701355e+02	9.765812269435774490e-03
6.406015037593984971e+02	9.716173546379519577e-03
6.426065162907268586e+02	9.668814160754332990e-03
6.446115288220551065e+02	9.623758246322305920e-03
6.466165413533834680e+02	9.581028458468596534e-03
6.486215538847118296e+02	9.540646009571508365e-03
6.506265664160400775e+02	9.502630704039383841e-03
6.526315789473684390e+02	9.467000972992032151e-03
6.546365914786966869e+02	9.433773908567416946e-03
6.566416040100250484e+02	9.402965297835498559e-03
6.586466165413532963e+02	9.374589656302933019e-03
6.606516290726817715e+02	9.348660260993497603e-03
6.626566416040100194e+02	9.325189183091990575e-03
6.646616541353382672e+02	9.304187320139231318e-03
6.666666666666666288e+02	9.285664427767648457e-03
6.686716791979949903e+02	9.269629150968777126e-03
6.706766917293232382e+02	9.256089054884644035e-03
6.726817042606515997e+02	9.245050655115874191e-03
6.746867167919799613e+02	9.236519447541296016e-03
6.766917293233082091e+02	9.230499937643920488e-03
6.786967418546365707e+02	9.226995669339621911e-03
6.807017543859649322e+02	9.226009253305560848e-03
6.827067669172931801e+02	9.227542394806248494e-03
6.847117794486215416e+02	9.231595921015642650e-03
6.867167919799499032e+02	9.238169807835474798e-03
6.887218045112781510e+02	9.247263206208087422e-03
6.907268170426065126e+02	9.258874467926600516e-03
6.927318295739348741e+02	9.273001170942032564e-03
6.947368421052631220e+02	9.289640144169586042e-03
6.967418546365914835e+02	9.308787491796493077e-03
6.987468671679198451e+02	9.330438617094150011e-03
7.007518796992480929e+02	9.354588245737236601e-03
7.027568922305763408e+02	9.381230448633998825e-03
7.047619047619048160e+02	9.410358664270800436e-03
7.067669172932330639e+02	9.441965720576378160e-03
7.087719298245613118e+02	9.476043856308395685e-03
7.107769423558897870e+02	9.512584741969250940e-03
7.127819548872180349e+02	9.551579500254720606e-03
7.147869674185462827e+02	9.593018726041161251e-03
7.167919799498746443e+02	9.636892505916878904e-03
7.187969924812030058e+02	9.683190437263108907e-03
7.208020050125312537e+02	9.731901646890479818e-03
7.228070175438596152e+02	9.783014809237563711e-03
7.248120300751879768e+02	9.836518164136094297e-03
7.268170426065162246e+02	9.892399534150728493e-03
7.288220551378445862e+02	9.950646341499051750e-03
7.308270676691729477e+02	1.001124562455768183e-02
7.328320802005011956e+02	1.007418405396182451e-02
7.348370927318295571e+02	1.013944794830417065e-02
7.368421052631579187e+02	1.020702328944012895e-02
7.388471177944861665e+02	1.027689573740557874e-02
7.408521303258145281e+02	1.034905064495436969e-02
7.428571428571428896e+02	1.042347307172140046e-02
7.448621553884711375e+02	1.050014779801887281e-02
7.468671679197994990e+02	1.057905933827127561e-02
7.488721804511278606e+02	1.066019195409676629e-02
7.508771929824561084e+02	1.074352966704108722e-02
7.528822055137844700e+02	1.082905627097021511e-02
7.548872180451128315e+02	1.091675534412906400e-02
7.568922305764410794e+02	1.100661026087250936e-02
7.588972431077693273e+02	1.109860420307459683e-02
7.609022556390978025e+02	1.119272017122314999e-02
7.629072681704260503e+02	1.128894099520584386e-02
7.649122807017542982e+02	1.138724934479407036e-02
7.669172932330826598e+02	1.148762773983072645e-02
7.689223057644110213e+02	1.159005856012797556e-02
7.709273182957392692e+02	1.169452405508212244e-02
7.729323308270676307e+02	1.180100635300989839e-02
7.749373433583959923e+02	1.190948747021376361e-02
7.769423558897242401e+02	1.201994931978122953e-02
7.789473684210526017e+02	1.213237372012441855e-02
7.809523809523809632e+02	1.224674240326507381e-02
7.829573934837092111e+02	1.236303702287169792e-02
7.849624060150375726e+02	1.248123916205303580e-02
7.869674185463659342e+02	1.260133034091498808e-02
7.889724310776941820e+02	1.272329202388469520e-02
7.909774436090225436e+02	1.284710562680865462e-02
7.929824561403509051e+02	1.297275252382897211e-02
7.949874686716791530e+02	1.310021405404371807e-02
7.969924812030075145e+02	1.322947152795587306e-02
7.989974937343358761e+02	1.336050623371649350e-02
8.010025062656641239e+02	1.349329944316593650e-02
8.030075187969924855e+02	1.362783241767952409e-02
8.050125313283208470e+02	1.376408641382097751e-02
8.070175438596490949e+02	1.390204268880874429e-02
8.090225563909773427e+02	1.404168250580047766e-02
8.110275689223058180e+02	1.418298713899876148e-02
8.130325814536340658e+02	1.432593787858358302e-02
8.150375939849623137e+02	1.447051603547615251e-02
8.170426065162906752e+02	1.461670294593622049e-02
8.190476190476190368e+02	1.476447997600006772e-02
8.210526315789472847e+02	1.491382852576055712e-02
8.230576441102756462e+02	1.506473003349502113e-02
8.250626566416040077e+02	1.521716597964362268e-02
8.270676691729322556e+02	1.537111789064336820e-02
8.290726817042606172e+02	1.552656734261999467e-02
8.310776942355889787e+02	1.568349596494228101e-02
8.330827067669172266e+02	1.584188544364285162e-02
8.350877192982455881e+02	1.600171752470769260e-02
8.370927318295739497e+02	1.616297401723899158e-02
8.390977443609021975e+02	1.632563679649354921e-02
8.411027568922305591e+02	1.648968780680178450e-02
8.431077694235589206e+02	1.665510906436832445e-02
8.451127819548871685e+02	1.682188265995896229e-02
8.471177944862155300e+02	1.698999076147690579e-02
8.491228070175438916e+02	1.715941561643062260e-02
8.511278195488721394e+02	1.733013955429641914e-02
8.531328320802005010e+02	1.750214498877936467e-02
8.551378446115288625e+02	1.767541441997446880e-02
8.571428571428571104e+02	1.784993043643138058e-02
8.591478696741853582e+02	1.802567571712498928e-02
8.611528822055138335e+02	1.820263303333500421e-02
8.631578947368420813e+02	1.838078525043658484e-02
8.651629072681703292e+02	1.856011532960454014e-02
8.671679197994988044e+02	1.874060632943442412e-02
8.691729323308270523e+02	1.892224140748127378e-02
8.711779448621553001e+02	1.910500382172011791e-02
8.731829573934836617e+02	1.928887693192933919e-02
8.751879699248120232e+02	1.947384420099946417e-02
8.771929824561402711e+02	1.965988919616950062e-02
8.791979949874686326e+02	1.984699559019337603e-02
8.812030075187969942e+02	2.003514716243764635e-02
8.832080200501252421e+02	2.022432779991324009e-02
8.852130325814536036e+02	2.041452149824348958e-02
8.872180451127819651e+02	2.060571236256875799e-02
8.892230576441102130e+02	2.079788460839178746e-02
8.912280701754385746e+02	2.099102256236373698e-02
8.932330827067669361e+02	2.118511066301355730e-02
8.952380952380951840e+02	2.138013346142249305e-02
8.972431077694235455e+02	2.157607562184489861e-02
8.992481203007519071e+02	2.177292192227778603e-02
9.012531328320801549e+02	2.197065725497930957e-02
9.032581453634085165e+02	2.216926662694019071e-02
9.052631578947368780e+02	2.236873516030645978e-02
9.072681704260651259e+02	2.256904809275802129e-02
9.092731829573933737e+02	2.277019077784222037e-02
9.112781954887218490e+02	2.297214868526529022e-02
9.132832080200500968e+02	2.317490740114246453e-02
9.152882205513784584e+02	2.337845262820773332e-02
9.172932330827067062e+02	2.358277018598532726e-02
9.192982456140350678e+02	2.378784601092400613e-02
9.213032581453634293e+02	2.399366615649489373e-02
9.233082706766916772e+02	2.420021679325424363e-02
9.253132832080200387e+02	2.440748420887326603e-02
9.273182957393482866e+02	2.461545480813423156e-02
9.293233082706766481e+02	2.482411511289658174e-02
9.313283208020050097e+02	2.503345176203107189e-02
9.333333333333332575e+02	2.524345151132569715e-02
9.353383458646616191e+02	2.545410123336313765e-02
9.373433583959899806e+02	2.566538791737037542e-02
9.393483709273182285e+02	2.587729866904269968e-02
9.413533834586465900e+02	2.608982071034212161e-02
9.433583959899749516e+02	2.630294137927098597e-02
9.453634085213031994e+02	2.651664812962261850e-02
9.473684210526315610e+02	2.673092853070893268e-02
9.493734335839599225e+02	2.694577026706630393e-02
9.513784461152881704e+02	2.716116113814069991e-02
9.533834586466165320e+02	2.737708905795193173e-02
9.553884711779447798e+02	2.759354205473970451e-02
9.573934837092731414e+02	2.781050827058964905e-02
9.593984962406015029e+02	2.802797596104249223e-02
9.614035087719297508e+02	2.824593349468564399e-02
9.634085213032581123e+02	2.846436935272823182e-02
9.654135338345864739e+02	2.868327212856051564e-02
9.674185463659147217e+02	2.890263052729800941e-02
9.694235588972430833e+02	2.912243336531139884e-02
9.714285714285714448e+02	2.934266956974208515e-02
9.734335839598996927e+02	2.956332817800483292e-02
9.754385964912280542e+02	2.978439833727767466e-02
9.774436090225563021e+02	3.000586930397966187e-02
9.794486215538846636e+02	3.022773044323696576e-02
9.814536340852130252e+02	3.044997122833819139e-02
9.834586466165412730e+02	3.067258124017893314e-02
9.854636591478696346e+02	3.089555016669665727e-02
9.874686716791979961e+02	3.111886780229543292e-02
9.894736842105262440e+02	3.134252404726267649e-02
9.914786967418546055e+02	3.156650890717668106e-02
9.934837092731829671e+02	3.179081249230558681e-02
9.954887218045112149e+02	3.201542501699981835e-02
9.974937343358395765e+02	3.224033679907677835e-02
9.994987468671679380e+02	3.246553825919810954e-02
1.001503759398496186e+03	3.269101992024135012e-02
1.003508771929824547e+03	3.291677240666548987e-02
1.005513784461152795e+03	3.314278644387002454e-02
1.007518796992481157e+03	3.336905285755013828e-02
1.009523809523809518e+03	3.359556257304530807e-02
1.011528822055137766e+03	3.382230661468442479e-02
1.013533834586466128e+03	3.404927610512654274e-02
1.015538847117794489e+03	3.427646226469692470e-02
1.017543859649122737e+03	3.450385641072041543e-02
1.019548872180451099e+03	3.473144995685083919e-02
1.021553884711779460e+03	3.495923441239721235e-02
1.023558897243107708e+03	3.518720138164826983e-02
1.025563909774436070e+03	3.541534256319274487e-02
1.027568922305764318e+03	3.564364974923917018e-02
1.029573934837092565e+03	3.587211482493225800e-02
1.031578947368421041e+03	3.610072976766869751e-02
1.033583959899749289e+03	3.632948664641074549e-02
1.035588972431077764e+03	3.655837762099864441e-02
1.037593984962406012e+03	3.678739494146254091e-02
1.039598997493734259e+03	3.701653094733273891e-02
1.041604010025062507e+03	3.724577806694986948e-02
1.043609022556390983e+03	3.747512881677460966e-02
1.045614035087719230e+03	3.770457580069744297e-02
1.047619047619047706e+03	3.793411170934720550e-02
1.049624060150375954e+03	3.816372931940167912e-02
1.051629072681704201e+03	3.839342149289676209e-02
1.053634085213032449e+03	3.862318117653728428e-02
1.055639097744360697e+03	3.885300140100782229e-02
1.057644110275689172e+03	3.908287528028452085e-02
1.059649122807017648e+03	3.931279601094828796e-02
1.061654135338345895e+03	3.954275687149842039e-02
1.063659147869674143e+03	3.977275122166796378e-02
1.065664160401002391e+03	4.000277250174024551e-02
1.067669172932330639e+03	4.023281423186718386e-02
1.069674185463659114e+03	4.046287001138862416e-02
1.071679197994987589e+03	4.069293351815476273e-02
1.073684210526315837e+03	4.092299850784841125e-02
1.075689223057644085e+03	4.115305881331127874e-02
1.077694235588972333e+03	4.138310834387118331e-02
1.079699248120300581e+03	4.161314108467205342e-02
1.081704260651629056e+03	4.184315109600529603e-02
1.083709273182957304e+03	4.207313251264514081e-02
1.085714285714285779e+03	4.230307954318462266e-02
1.087719298245614027e+03	4.253298646937586636e-02
1.089724310776942275e+03	4.276284764547186312e-02
1.091729323308270523e+03	4.299265749757128635e-02
1.093734335839598998e+03	4.322241052296621477e-02
1.095739348370927246e+03	4.345210128949297812e-02
1.097744360902255721e+03	4.368172443488529261e-02
1.099749373433583969e+03	4.391127466613142794e-02
1.101754385964912217e+03	4.414074675883281063e-02
1.103759398496240465e+03	4.437013555656796338e-02
1.105764411027568940e+03	4.459943597025742973e-02
1.107769423558897188e+03	4.482864297753400007e-02
1.109774436090225663e+03	4.505775162211452661e-02
1.111779448621553911e+03	4.528675701317584623e-02
1.113784461152882159e+03	4.551565432473444334e-02
1.115789473684210407e+03	4.574443879502894383e-02
1.117794486215538655e+03	4.597310572590632138e-02
1.119799498746867130e+03	4.620165048221146209e-02
1.121804511278195605e+03	4.643006849118093415e-02
1.123809523809523853e+03	4.665835524183887389e-02
1.125814536340852101e+03	4.688650628439888085e-02
1.127819548872180349e+03	4.711451722966721045e-02
1.129824561403508596e+03	4.734238374845033820e-02
1.131829573934837072e+03	4.757010157096735331e-02
1.133834586466165320e+03	4.779766648626452424e-02
1.135839598997493795e+03	4.802507434163512390e-02
1.137844611528822043e+03	4.825232104204079525e-02
1.139849624060150290e+03	4.847940254953950201e-02
1.141854636591478538e+03	4.870631488271545684e-02
1.143859649122807014e+03	4.893305411611303946e-02
1.145864661654135261e+03	4.915961637967491971e-02
1.147869674185463737e+03	4.938599785818429538e-02
1.149874686716791985e+03	4.961219479070993338e-02
1.151879699248120232e+03	4.983820347005644275e-02
1.153884711779448480e+03	5.006402024221759395e-02
1.155889724310776955e+03	5.028964150583314224e-02
1.157894736842105203e+03	5.051506371165103565e-02
1.159899749373433679e+03	5.074028336199150335e-02
1.161904761904761926e+03	5.096529701021645237e-02
1.163909774436090174e+03	5.119010126020298590e-02
1.165914786967418422e+03	5.141469276581913522e-02
1.167919799498746670e+03	5.163906823040555899e-02
1.169924812030075145e+03	5.186322440625919239e-02
1.171929824561403620e+03	5.208715809412238495e-02
1.173934837092731868e+03	5.231086614267493190e-02
1.175939849624060116e+03	5.253434544803040757e-02
1.177944862155388364e+03	5.275759295323678016e-02
1.179949874686716612e+03	5.298060564777895554e-02
1.181954887218045087e+03	5.320338056708810714e-02
1.183959899749373335e+03	5.342591479205294897e-02
1.185964912280701810e+03	5.364820544853412393e-02
1.187969924812030058e+03	5.387024970688576719e-02
1.189974937343358306e+03	5.409204478147631306e-02
1.191979949874686554e+03	5.431358793021704573e-02
1.193984962406015029e+03	5.453487645409280105e-02
1.195989974937343277e+03	5.475590769669533980e-02
1.197994987468671752e+03	5.497667904376309089e-02
1.200000000000000000e+03	5.519718792272213653e-02
