4.000000000000000000e+02	5.916759050375315632e-03
4.020050125313283047e+02	6.347826398546575072e-03
4.040100250626566663e+02	6.781258044731117325e-03
4.060150375939849710e+02	7.213820368988680884e-03
4.080200501253132757e+02	7.642429137064405027e-03
4.100250626566415804e+02	8.064166169223403735e-03
4.120300751879699419e+02	8.476293167452346455e-03
4.140350877192982466e+02	8.876262825114309557e-03
4.160401002506265513e+02	9.261727360876428547e-03
4.180451127819549129e+02	9.630544632647404513e-03
4.200501253132832176e+02	9.980781997641106212e-03
4.220551378446115223e+02	1.031071809180222724e-02
4.240601503759398270e+02	1.061884270599949137e-02
4.260651629072681885e+02	1.090385493791415014e-02
4.280701754385964932e+02	1.116465979773494099e-02
4.300751879699247979e+02	1.140036344292103682e-02
4.320802005012531026e+02	1.161026721270085049e-02
4.340852130325814642e+02	1.179386062692695109e-02
4.360902255639097689e+02	1.195081350666145695e-02
4.380952380952380736e+02	1.208096736568153515e-02
4.401002506265664351e+02	1.218432621318976498e-02
4.421052631578947398e+02	1.226104689860507344e-02
4.441102756892230445e+02	1.231142911957720278e-02
4.461152882205514061e+02	1.233590520448434036e-02
4.481203007518797108e+02	1.233502977077535062e-02
4.501253132832080155e+02	1.230946935073906276e-02
4.521303258145363202e+02	1.225999206672133759e-02
4.541353383458646817e+02	1.218745742855813045e-02
4.561403508771929864e+02	1.209280631711751909e-02
4.581453634085212911e+02	1.197705120940254463e-02
4.601503759398495959e+02	1.184126669269889437e-02
4.621553884711779574e+02	1.168658030778861080e-02
4.641604010025062621e+02	1.151416375430793816e-02
4.661654135338345668e+02	1.132522448491509078e-02
4.681704260651629284e+02	1.112099770904998418e-02
4.701754385964912331e+02	1.090273882170806480e-02
4.721804511278195378e+02	1.067171626779992583e-02
4.741854636591478993e+02	1.042920484831192339e-02
4.761904761904762040e+02	1.017647947059852759e-02
4.781954887218045087e+02	9.914809341700739007e-03
4.802005012531328134e+02	9.645452600573055368e-03
4.822055137844611181e+02	9.369651382485369440e-03
4.842105263157894797e+02	9.088627306617656776e-03
4.862155388471177844e+02	8.803577375959154364e-03
4.882205513784460891e+02	8.515670277030342600e-03
4.902255639097744506e+02	8.226043065638132673e-03
4.922305764411027553e+02	7.935798223826487710e-03
4.942355889724310600e+02	7.646001072372612603e-03
4.962406015037594216e+02	7.357677522574330997e-03
4.982456140350877263e+02	7.071812150660859893e-03
5.002506265664160310e+02	6.789346577907784917e-03
5.022556390977443357e+02	6.511178139436814803e-03
5.042606516290726404e+02	6.238158824704236917e-03
5.062656641604010019e+02	5.971094472818335407e-03
5.082706766917293066e+02	5.710744206057521977e-03
5.102756892230576113e+02	5.457820085271505514e-03
5.122807017543859729e+02	5.212986971229043552e-03
5.142857142857142208e+02	4.976862576410640872e-03
5.162907268170425823e+02	4.750017692226516167e-03
5.182957393483709438e+02	4.532976577158561587e-03
5.203007518796991917e+02	4.326217491870379753e-03
5.223057644110275533e+02	4.130173367896448552e-03
5.243107769423559148e+02	3.945232597102158421e-03
5.263157894736841627e+02	3.771739929695571911e-03
5.283208020050125242e+02	3.609997469164056769e-03
5.303258145363408858e+02	3.460265753101686610e-03
5.323308270676691336e+02	3.322764909479852292e-03
5.343358395989974952e+02	3.197675878494129955e-03
5.363408521303258567e+02	3.085141690690300972e-03
5.383458646616541046e+02	2.985268792629836021e-03
5.403508771929824661e+02	2.898128411899260175e-03
5.423558897243108277e+02	2.823757953795571259e-03
5.443609022556390755e+02	2.762162422531700464e-03
5.463659147869674371e+02	2.713315860300604190e-03
5.483709273182957986e+02	2.677162798012025675e-03
5.503759398496240465e+02	2.653619711974482265e-03
5.523809523809524080e+02	2.642576481233527633e-03
5.543859649122806559e+02	2.643897840698000018e-03
5.563909774436090174e+02	2.657424825586899002e-03
5.583959899749372653e+02	2.682976203113134062e-03
5.604010025062656268e+02	2.720349887684079832e-03
5.624060150375939884e+02	2.769324336245596128e-03
5.644110275689222362e+02	2.829659920724885216e-03
5.664160401002505978e+02	2.901100274838244817e-03
5.684210526315789593e+02	2.983373612824725962e-03
5.704260651629072072e+02	3.076194017944425870e-03
5.724310776942355687e+02	3.179262698841992928e-03
5.744360902255639303e+02	3.292269212122738656e-03
5.764411027568921781e+02	3.414892649720677967e-03
5.784461152882205397e+02	3.546802789855119185e-03
5.804511278195489012e+02	3.687661210575567464e-03
5.824561403508771491e+02	3.837122365086307208e-03
5.844611528822055107e+02	3.994834618218424428e-03
5.864661654135338722e+02	4.160441243583026111e-03
5.884711779448621201e+02	4.333581381093612808e-03
5.904761904761904816e+02	4.513890954686838701e-03
5.924812030075188432e+02	4.701003550204382528e-03
5.944862155388470910e+02	4.894551253519037817e-03
5.964912280701754526e+02	5.094165449100676243e-03
5.984962406015038141e+02	5.299477579320392359e-03
6.005012531328320620e+02	5.510119864884594452e-03
6.025062656641604235e+02	5.725725986877074937e-03
6.045112781954886714e+02	5.945931730963410246e-03
6.065162907268170329e+02	6.170375594383246259e-03
6.085213032581452808e+02	6.398699356417685176e-03
6.105263157894736423e+02	6.630548613076211323e-03
6.125313283208020039e+02	6.865573276795440549e-03
6.145363408521302517e+02	7.103428041987719030e-03
6.165413533834586133e+02	7.343772817313708179e-03
6.185463659147869748e+02	7.586273125586148400e-03
6.205513784461152227e+02	7.830600472239820226e-03
6.225563909774435842e+02	8.076432683324903314e-03
6.245614035087719458e+02	8.323454213999490967e-03
6.265664160401001936e+02	8.571356428511065634e-03
6.285714285714285552e+02	8.819837852666831748e-03
6.305764411027569167e+02	9.068604399800068994e-03
6.325814536340851646e+02	9.317369571242092516e-03
6.345864661654135261e+02	9.565854632310199362e-03
6.365914786967418877e+02	9.813788764819449464e-03
6.385964912280701355e+02	1.006090919712005968e-02
6.406015037593984971e+02	1.030696131265542055e-02
6.426065162907268586e+02	1.055169873802490853e-02
6.446115288220551065e+02	1.079488341152424341e-02
6.466165413533834680e+02	1.103628563312229922e-02
6.486215538847118296e+02	1.127568409681690628e-02
6.506265664160400775e+02	1.151286590629709353e-02
6.526315789473684390e+02	1.174762657481819191e-02
6.546365914786966869e+02	1.197977001017948469e-02
6.566416040100250484e+02	1.220910848567150278e-02
6.586466165413532963e+02	1.243546259783945979e-02
6.606516290726817715e+02	1.265866121188744323e-02
6.626566416040100194e+02	1.287854139552406171e-02
6.646616541353382672e+02	1.309494834202768430e-02
6.666666666666666288e+02	1.330773528328563042e-02
6.686716791979949903e+02	1.351676339353654818e-02
6.706766917293232382e+02	1.372190168452193902e-02
6.726817042606515997e+02	1.392302689272738488e-02
6.746867167919799613e+02	1.412002335937007254e-02
6.766917293233082091e+02	1.431278290376389317e-02
6.786967418546365707e+02	1.450120469066950440e-02
6.807017543859649322e+02	1.468519509221127319e-02
6.827067669172931801e+02	1.486466754492072641e-02
6.847117794486215416e+02	1.503954240243972687e-02
6.867167919799499032e+02	1.520974678439487165e-02
6.887218045112781510e+02	1.537521442193027013e-02
6.907268170426065126e+02	1.553588550036298470e-02
6.927318295739348741e+02	1.569170649940341417e-02
6.947368421052631220e+02	1.584263003136033091e-02
6.967418546365914835e+02	1.598861467772843756e-02
6.987468671679198451e+02	1.612962482453595553e-02
7.007518796992480929e+02	1.626563049680835107e-02
7.027568922305763408e+02	1.639660719248528867e-02
7.047619047619048160e+02	1.652253571610678984e-02
7.067669172932330639e+02	1.664340201256720581e-02
7.087719298245613118e+02	1.675919700121650605e-02
7.107769423558897870e+02	1.686991641057109317e-02
7.127819548872180349e+02	1.697556061387755708e-02
7.147869674185462827e+02	1.707613446575909424e-02
7.167919799498746443e+02	1.717164714015538898e-02
7.187969924812030058e+02	1.726211196975290657e-02
7.208020050125312537e+02	1.734754628708759516e-02
7.228070175438596152e+02	1.742797126748734174e-02
7.248120300751879768e+02	1.750341177400785778e-02
7.268170426065162246e+02	1.757389620450304848e-02
7.288220551378445862e+02	1.763945634095764187e-02
7.308270676691729477e+02	1.770012720119884878e-02
7.328320802005011956e+02	1.775594689309131780e-02
7.348370927318295571e+02	1.780695647130922307e-02
7.368421052631579187e+02	1.785319979676933469e-02
7.388471177944861665e+02	1.789472339879843651e-02
7.408521303258145281e+02	1.793157634009914445e-02
7.428571428571428896e+02	1.796381008456936559e-02
7.448621553884711375e+02	1.799147836802293329e-02
7.468671679197994990e+02	1.801463707184959920e-02
7.488721804511278606e+02	1.803334409964575669e-02
7.508771929824561084e+02	1.804765925684126415e-02
7.528822055137844700e+02	1.805764413333848378e-02
7.548872180451128315e+02	1.806336198917613337e-02
7.568922305764410794e+02	1.806487764322277020e-02
7.588972431077693273e+02	1.806225736490067735e-02
7.609022556390978025e+02	1.805556876893339366e-02
7.629072681704260503e+02	1.804488071310958452e-02
7.649122807017542982e+02	1.803026319904604477e-02
7.669172932330826598e+02	1.801178727593323592e-02
7.689223057644110213e+02	1.798952494724046294e-02
7.709273182957392692e+02	1.796354908035439901e-02
7.729323308270676307e+02	1.793393331912242206e-02
7.749373433583959923e+02	1.790075199926853197e-02
7.769423558897242401e+02	1.786408006664617562e-02
7.789473684210526017e+02	1.782399299829202921e-02
7.809523809523809632e+02	1.778056672624003451e-02
7.829573934837092111e+02	1.773387756405438512e-02
7.849624060150375726e+02	1.768400213603810861e-02
7.869674185463659342e+02	1.763101730907220416e-02
7.889724310776941820e+02	1.757500012703836628e-02
7.909774436090225436e+02	1.751602774777795760e-02
7.929824561403509051e+02	1.745417738253841541e-02
7.949874686716791530e+02	1.738952623785663607e-02
7.969924812030075145e+02	1.732215145982950871e-02
7.989974937343358761e+02	1.725213008071976861e-02
8.010025062656641239e+02	1.717953896784590179e-02
8.030075187969924855e+02	1.710445477470335859e-02
8.050125313283208470e+02	1.702695389426531550e-02
8.070175438596490949e+02	1.694711241440984006e-02
8.090225563909773427e+02	1.686500607542100461e-02
8.110275689223058180e+02	1.678071022951182004e-02
8.130325814536340658e+02	1.669429980231550148e-02
8.150375939849623137e+02	1.660584925629354086e-02
8.170426065162906752e+02	1.651543255600832275e-02
8.190476190476190368e+02	1.642312313520888356e-02
8.210526315789472847e+02	1.632899386567771352e-02
8.230576441102756462e+02	1.623311702778891183e-02
8.250626566416040077e+02	1.613556428272657287e-02
8.270676691729322556e+02	1.603640664631418578e-02
8.290726817042606172e+02	1.593571446440586112e-02
8.310776942355889787e+02	1.583355738979028843e-02
8.330827067669172266e+02	1.573000436056118737e-02
8.350877192982455881e+02	1.562512357990536102e-02
8.370927318295739497e+02	1.551898249726394244e-02
8.390977443609021975e+02	1.541164779081975050e-02
8.411027568922305591e+02	1.530318535126689618e-02
8.431077694235589206e+02	1.519366026681908712e-02
8.451127819548871685e+02	1.508313680941273868e-02
8.471177944862155300e+02	1.497167842206309843e-02
8.491228070175438916e+02	1.485934770733252086e-02
8.511278195488721394e+02	1.474620641686991834e-02
8.531328320802005010e+02	1.463231544198165084e-02
8.551378446115288625e+02	1.451773480519612074e-02
8.571428571428571104e+02	1.440252365278307800e-02
8.591478696741853582e+02	1.428674024819194706e-02
8.611528822055138335e+02	1.417044196637196052e-02
8.631578947368420813e+02	1.405368528894003315e-02
8.651629072681703292e+02	1.393652580016166605e-02
8.671679197994988044e+02	1.381901818371122741e-02
8.691729323308270523e+02	1.370121622018007600e-02
8.711779448621553001e+02	1.358317278529932309e-02
8.731829573934836617e+02	1.346493984884861855e-02
8.751879699248120232e+02	1.334656847421885825e-02
8.771929824561402711e+02	1.322810881860149793e-02
8.791979949874686326e+02	1.310961013377492761e-02
8.812030075187969942e+02	1.299112076746156488e-02
8.832080200501252421e+02	1.287268816522812998e-02
8.852130325814536036e+02	1.275435887290393873e-02
8.872180451127819651e+02	1.263617853949201668e-02
8.892230576441102130e+02	1.251819192054840629e-02
8.912280701754385746e+02	1.240044288200673958e-02
8.932330827067669361e+02	1.228297440442495739e-02
8.952380952380951840e+02	1.216582858763200041e-02
8.972431077694235455e+02	1.204904665575387036e-02
8.992481203007519071e+02	1.193266896259721245e-02
9.012531328320801549e+02	1.181673499737196514e-02
9.032581453634085165e+02	1.170128339073239765e-02
9.052631578947368780e+02	1.158635192111897791e-02
9.072681704260651259e+02	1.147197752138270736e-02
9.092731829573933737e+02	1.135819628567424910e-02
9.112781954887218490e+02	1.124504347658192641e-02
9.132832080200500968e+02	1.113255353250157745e-02
9.152882205513784584e+02	1.102076007522349854e-02
9.172932330827067062e+02	1.090969591772074365e-02
9.192982456140350678e+02	1.079939307212511058e-02
9.213032581453634293e+02	1.068988275787650065e-02
9.233082706766916772e+02	1.058119541003207410e-02
9.253132832080200387e+02	1.047336068772302189e-02
9.273182957393482866e+02	1.036640748274602480e-02
9.293233082706766481e+02	1.026036392827762815e-02
9.313283208020050097e+02	1.015525740770055821e-02
9.333333333333332575e+02	1.005111456353042360e-02
9.353383458646616191e+02	9.947961306432705555e-03
9.373433583959899806e+02	9.845822824319909808e-03
9.393483709273182285e+02	9.744723591519103070e-03
9.413533834586465900e+02	9.644687378000685318e-03
9.433583959899749516e+02	9.545737258659760596e-03
9.453634085213031994e+02	9.447895622640953978e-03
9.473684210526315610e+02	9.351184182699664657e-03
9.493734335839599225e+02	9.255623984590703388e-03
9.513784461152881704e+02	9.161235416478390181e-03
9.533834586466165320e+02	9.068038218359322430e-03
9.553884711779447798e+02	8.976051491493226842e-03
9.573934837092731414e+02	8.885293707833037680e-03
9.593984962406015029e+02	8.795782719450310344e-03
9.614035087719297508e+02	8.707535767948713923e-03
9.634085213032581123e+02	8.620569493860469681e-03
9.654135338345864739e+02	8.534899946020923361e-03
9.674185463659147217e+02	8.450542590915375782e-03
9.694235588972430833e+02	8.367512321994348412e-03
9.714285714285714448e+02	8.285823468952062398e-03
9.734335839598996927e+02	8.205489806964262611e-03
9.754385964912280542e+02	8.126524565881362155e-03
9.774436090225563021e+02	8.048940439372745739e-03
9.794486215538846636e+02	7.972749594019340122e-03
9.814536340852130252e+02	7.897963678350071459e-03
9.834586466165412730e+02	7.824593831820105330e-03
9.854636591478696346e+02	7.752650693726938561e-03
9.874686716791979961e+02	7.682144412062216071e-03
9.894736842105262440e+02	7.613084652296079127e-03
9.914786967418546055e+02	7.545480606092199241e-03
9.934837092731829671e+02	7.479340999950564312e-03
9.954887218045112149e+02	7.414674103776279675e-03
9.974937343358395765e+02	7.351487739372159283e-03
9.994987468671679380e+02	7.289789288853527546e-03
1.001503759398496186e+03	7.229585702983347059e-03
1.003508771929824547e+03	7.170883509425779630e-03
1.005513784461152795e+03	7.113688820917543967e-03
1.007518796992481157e+03	7.058007343354844379e-03
1.009523809523809518e+03	7.003844383795465416e-03
1.011528822055137766e+03	6.951204858374100855e-03
1.013533834586466128e+03	6.900093300130629922e-03
1.015538847117794489e+03	6.850513866750404871e-03
1.017543859649122737e+03	6.802470348214966975e-03
1.019548872180451099e+03	6.755966174363755607e-03
1.021553884711779460e+03	6.711004422365230912e-03
1.023558897243107708e+03	6.667587824097015448e-03
1.025563909774436070e+03	6.625718773435380904e-03
1.027568922305764318e+03	6.585399333452545551e-03
1.029573934837092565e+03	6.546631243522714819e-03
1.031578947368421041e+03	6.509415926335693214e-03
1.033583959899749289e+03	6.473754494818501244e-03
1.035588972431077764e+03	6.439647758964659949e-03
1.037593984962406012e+03	6.407096232571228914e-03
1.039598997493734259e+03	6.376100139883901334e-03
1.041604010025062507e+03	6.346659422149405864e-03
1.043609022556390983e+03	6.318773744076785180e-03
1.045614035087719230e+03	6.292442500206134846e-03
1.047619047619047706e+03	6.267664821186709825e-03
1.049624060150375954e+03	6.244439579962918034e-03
1.051629072681704201e+03	6.222765397870404051e-03
1.053634085213032449e+03	6.202640650641205559e-03
1.055639097744360697e+03	6.184063474318975649e-03
1.057644110275689172e+03	6.167031771084738496e-03
1.059649122807017648e+03	6.151543214993549641e-03
1.061654135338345895e+03	6.137595257622822410e-03
1.063659147869674143e+03	6.125185133632213806e-03
1.065664160401002391e+03	6.114309866236952891e-03
1.067669172932330639e+03	6.104966272593512731e-03
1.069674185463659114e+03	6.097150969099736188e-03
1.071679197994987589e+03	6.090860376609464125e-03
1.073684210526315837e+03	6.086090725562135276e-03
1.075689223057644085e+03	6.082838061028529586e-03
1.077694235588972333e+03	6.081098247673098235e-03
1.079699248120300581e+03	6.080866974633706082e-03
1.081704260651629056e+03	6.082139760319464801e-03
1.083709273182957304e+03	6.084911957127556170e-03
1.085714285714285779e+03	6.089178756079651790e-03
1.087719298245614027e+03	6.094935191379001298e-03
1.089724310776942275e+03	6.102176144888628827e-03
1.091729323308270523e+03	6.110896350531792171e-03
1.093734335839598998e+03	6.121090398615276242e-03
1.095739348370927246e+03	6.132752740076618907e-03
1.097744360902255721e+03	6.145877690655881555e-03
1.099749373433583969e+03	6.160459434992672165e-03
1.101754385964912217e+03	6.176492030649905797e-03
1.103759398496240465e+03	6.193969412064528890e-03
1.105764411027568940e+03	6.212885394426105948e-03
1.107769423558897188e+03	6.233233677484757880e-03
1.109774436090225663e+03	6.255007849288617659e-03
1.111779448621553911e+03	6.278201389851511063e-03
1.113784461152882159e+03	6.302807674753264228e-03
1.115789473684210407e+03	6.328819978671248493e-03
1.117794486215538655e+03	6.356231478845683971e-03
1.119799498746867130e+03	6.385035258479426941e-03
1.121804511278195605e+03	6.415224310071803056e-03
1.123809523809523853e+03	6.446791538689399838e-03
1.125814536340852101e+03	6.479729765172862616e-03
1.127819548872180349e+03	6.514031729281441647e-03
1.129824561403508596e+03	6.549690092776150850e-03
1.131829573934837072e+03	6.586697442442291869e-03
1.133834586466165320e+03	6.625046293051541253e-03
1.135839598997493795e+03	6.664729090266103065e-03
1.137844611528822043e+03	6.705738213483720435e-03
1.139849624060150290e+03	6.748065978626005025e-03
1.141854636591478538e+03	6.791704640870100881e-03
1.143859649122807014e+03	6.836646397324513610e-03
1.145864661654135261e+03	6.882883389650625364e-03
1.147869674185463737e+03	6.930407706629827976e-03
1.149874686716791985e+03	6.979211386677447795e-03
1.151879699248120232e+03	7.029286420304713817e-03
1.153884711779448480e+03	7.080624752528697982e-03
1.155889724310776955e+03	7.133218285231663139e-03
1.157894736842105203e+03	7.187058879470529030e-03
1.159899749373433679e+03	7.242138357736942894e-03
1.161904761904761926e+03	7.298448506169121289e-03
1.163909774436090174e+03	7.355981076715643538e-03
1.165914786967418422e+03	7.414727789252949751e-03
1.167919799498746670e+03	7.474680333656009978e-03
1.169924812030075145e+03	7.535830371824038011e-03
1.171929824561403620e+03	7.598169539661350433e-03
1.173934837092731868e+03	7.661689449014241760e-03
1.175939849624060116e+03	7.726381689564773385e-03
1.177944862155388364e+03	7.792237830681930828e-03
1.179949874686716612e+03	7.859249423230855319e-03
1.181954887218045087e+03	7.927408001341288563e-03
1.183959899749373335e+03	7.996705084135176042e-03
1.185964912280701810e+03	8.067132177415016134e-03
1.187969924812030058e+03	8.138680775312405122e-03
1.189974937343358306e+03	8.211342361899194586e-03
1.191979949874686554e+03	8.285108412759766700e-03
1.193984962406015029e+03	8.359970396527265438e-03
1.195989974937343277e+03	8.435919776382293581e-03
1.197994987468671752e+03	8.512948011516819832e-03
1.200000000000000000e+03	8.591046558562211860e-03
