4.000000000000000000e+02	1.338764582332389701e-02
4.020050125313283047e+02	1.373238441527446611e-02
4.040100250626566663e+02	1.406651499082068116e-02
4.060150375939849710e+02	1.438949036585360566e-02
4.080200501253132757e+02	1.470081973056887661e-02
4.100250626566415804e+02	1.500006702869621442e-02
4.120300751879699419e+02	1.528684922496610123e-02
4.140350877192982466e+02	1.556083447956015629e-02
4.160401002506265513e+02	1.582174024696360662e-02
4.180451127819549129e+02	1.606933131532735717e-02
4.200501253132832176e+02	1.630341780118401904e-02
4.220551378446115223e+02	1.652385311313349023e-02
4.240601503759398270e+02	1.673053189693013768e-02
4.260651629072681885e+02	1.692338797327699179e-02
4.280701754385964932e+02	1.710239227854332481e-02
4.300751879699247979e+02	1.726755081759987626e-02
4.320802005012531026e+02	1.741890263698867361e-02
4.340852130325814642e+02	1.755651782572492312e-02
4.360902255639097689e+02	1.768049555016557028e-02
4.380952380952380736e+02	1.779096212856566203e-02
4.401002506265664351e+02	1.788806915019114027e-02
4.421052631578947398e+02	1.797199164314844388e-02
4.441102756892230445e+02	1.804292629444120832e-02
4.461152882205514061e+02	1.810108972516125125e-02
4.481203007518797108e+02	1.814671682316455412e-02
4.501253132832080155e+02	1.818005913507502944e-02
4.521303258145363202e+02	1.820138331899462392e-02
4.541353383458646817e+02	1.821096965887347013e-02
4.561403508771929864e+02	1.820911064111320823e-02
4.581453634085212911e+02	1.819610959362979660e-02
4.601503759398495959e+02	1.817227938729283621e-02
4.621553884711779574e+02	1.813794119938242841e-02
4.641604010025062621e+02	1.809342333845898043e-02
4.661654135338345668e+02	1.803906012982664508e-02
4.681704260651629284e+02	1.797519086058046653e-02
4.701754385964912331e+02	1.790215878306624167e-02
4.721804511278195378e+02	1.782031017543885681e-02
4.741854636591478993e+02	1.772999345788907333e-02
4.761904761904762040e+02	1.763155836300730681e-02
4.781954887218045087e+02	1.752535515867226570e-02
4.802005012531328134e+02	1.741173392178844981e-02
4.822055137844611181e+02	1.729104386114579256e-02
4.842105263157894797e+02	1.716363268763811123e-02
4.862155388471177844e+02	1.702984603005370384e-02
4.882205513784460891e+02	1.689002689463860174e-02
4.902255639097744506e+02	1.674451516662716841e-02
4.922305764411027553e+02	1.659364715194328738e-02
4.942355889724310600e+02	1.643775515728509301e-02
4.962406015037594216e+02	1.627716710682907894e-02
4.982456140350877263e+02	1.611220619381116201e-02
5.002506265664160310e+02	1.594319056527689765e-02
5.022556390977443357e+02	1.577043303832509694e-02
5.042606516290726404e+02	1.559424084620880321e-02
5.062656641604010019e+02	1.541491541270037340e-02
5.082706766917293066e+02	1.523275215316961979e-02
5.102756892230576113e+02	1.504804030087197354e-02
5.122807017543859729e+02	1.486106275699159047e-02
5.142857142857142208e+02	1.467209596303228544e-02
5.162907268170425823e+02	1.448140979420005359e-02
5.182957393483709438e+02	1.428926747247126310e-02
5.203007518796991917e+02	1.409592549809090579e-02
5.223057644110275533e+02	1.390163359829591806e-02
5.243107769423559148e+02	1.370663469210918819e-02
5.263157894736841627e+02	1.351116487009890871e-02
5.283208020050125242e+02	1.331545338804791118e-02
5.303258145363408858e+02	1.311972267352488723e-02
5.323308270676691336e+02	1.292418834439784496e-02
5.343358395989974952e+02	1.272905923837529783e-02
5.363408521303258567e+02	1.253453745270679924e-02
5.383458646616541046e+02	1.234081839321754179e-02
5.403508771929824661e+02	1.214809083189508261e-02
5.423558897243108277e+02	1.195653697228729780e-02
5.443609022556390755e+02	1.176633252201021718e-02
5.463659147869674371e+02	1.157764677170401886e-02
5.483709273182957986e+02	1.139064267981155371e-02
5.503759398496240465e+02	1.120547696259052706e-02
5.523809523809524080e+02	1.102230018880432511e-02
5.543859649122806559e+02	1.084125687856941044e-02
5.563909774436090174e+02	1.066248560586980677e-02
5.583959899749372653e+02	1.048611910427805008e-02
5.604010025062656268e+02	1.031228437545267385e-02
5.624060150375939884e+02	1.014110280000793396e-02
5.644110275689222362e+02	9.972690250380231505e-03
5.664160401002505978e+02	9.807157205338696074e-03
5.684210526315789593e+02	9.644608865812658374e-03
5.704260651629072072e+02	9.485145271731146646e-03
5.724310776942355687e+02	9.328861419590902745e-03
5.744360902255639303e+02	9.175847380490261690e-03
5.764411027568921781e+02	9.026188418385597961e-03
5.784461152882205397e+02	8.879965108345464625e-03
5.804511278195489012e+02	8.737253454594470087e-03
5.824561403508771491e+02	8.598125008156898633e-03
5.844611528822055107e+02	8.462646983923412247e-03
5.864661654135338722e+02	8.330882376980869655e-03
5.884711779448621201e+02	8.202890078058256915e-03
5.904761904761904816e+02	8.078724987953945016e-03
5.924812030075188432e+02	7.958438130824415507e-03
5.944862155388470910e+02	7.842076766222123851e-03
5.964912280701754526e+02	7.729684499784940550e-03
5.984962406015038141e+02	7.621301392487490889e-03
6.005012531328320620e+02	7.516964068373811064e-03
6.025062656641604235e+02	7.416705820702724529e-03
6.045112781954886714e+02	7.320556716441497906e-03
6.065162907268170329e+02	7.228543699053955815e-03
6.085213032581452808e+02	7.140690689536493760e-03
6.105263157894736423e+02	7.057018685660231688e-03
6.125313283208020039e+02	6.977545859385938208e-03
6.145363408521302517e+02	6.902287652423151967e-03
6.165413533834586133e+02	6.831256869910670368e-03
6.185463659147869748e+02	6.764463772200504134e-03
6.205513784461152227e+02	6.701916164732455578e-03
6.225563909774435842e+02	6.643619485990194182e-03
6.245614035087719458e+02	6.589576893534535192e-03
6.265664160401001936e+02	6.539789348112415475e-03
6.285714285714285552e+02	6.494255695844248534e-03
6.305764411027569167e+02	6.452972748494940035e-03
6.325814536340851646e+02	6.415935361837180224e-03
6.345864661654135261e+02	6.383136512117448466e-03
6.365914786967418877e+02	6.354567370638814112e-03
6.385964912280701355e+02	6.330217376475377744e-03
6.406015037593984971e+02	6.310074307336491911e-03
6.426065162907268586e+02	6.294124348599463431e-03
6.446115288220551065e+02	6.282352160531909542e-03
6.466165413533834680e+02	6.274740943726458096e-03
6.486215538847118296e+02	6.271272502770669326e-03
6.506265664160400775e+02	6.271927308177675277e-03
6.526315789473684390e+02	6.276684556602765003e-03
6.546365914786966869e+02	6.285522229372881783e-03
6.566416040100250484e+02	6.298417149356558969e-03
6.586466165413532963e+02	6.315345036202037014e-03
6.606516290726817715e+02	6.336280559972156008e-03
6.626566416040100194e+02	6.361197393205619832e-03
6.646616541353382672e+02	6.390068261433875033e-03
6.666666666666666288e+02	6.422864992182717413e-03
6.686716791979949903e+02	6.459558562489631922e-03
6.706766917293232382e+02	6.500119144966385633e-03
6.726817042606515997e+02	6.544516152436939162e-03
6.746867167919799613e+02	6.592718281181483495e-03
6.766917293233082091e+02	6.644693552816190521e-03
6.786967418546365707e+02	6.700409354839253519e-03
6.807017543859649322e+02	6.759832479872865743e-03
6.827067669172931801e+02	6.822929163631277077e-03
6.847117794486215416e+02	6.889665121644198732e-03
6.867167919799499032e+02	6.960005584765814775e-03
6.887218045112781510e+02	7.033915333496701568e-03
6.907268170426065126e+02	7.111358731149978150e-03
6.927318295739348741e+02	7.192299755888210619e-03
6.947368421052631220e+02	7.276702031660006557e-03
6.967418546365914835e+02	7.364528858064164386e-03
6.987468671679198451e+02	7.455743239168858248e-03
7.007518796992480929e+02	7.550307911312380618e-03
7.027568922305763408e+02	7.648185369912824383e-03
7.047619047619048160e+02	7.749337895312165790e-03
7.067669172932330639e+02	7.853727577681546279e-03
7.087719298245613118e+02	7.961316341011420022e-03
7.107769423558897870e+02	8.072065966213464935e-03
7.127819548872180349e+02	8.185938113357183257e-03
7.147869674185462827e+02	8.302894343065834321e-03
7.167919799498746443e+02	8.422896137095139957e-03
7.187969924812030058e+02	8.545904918117597573e-03
7.208020050125312537e+02	8.671882068735242005e-03
7.228070175438596152e+02	8.800788949743348563e-03
7.248120300751879768e+02	8.932586917665366610e-03
7.268170426065162246e+02	9.067237341581976806e-03
7.288220551378445862e+02	9.204701619274167565e-03
7.308270676691729477e+02	9.344941192700321683e-03
7.328320802005011956e+02	9.487917562827862666e-03
7.348370927318295571e+02	9.633592303838310264e-03
7.368421052631579187e+02	9.781927076724849721e-03
7.388471177944861665e+02	9.932883642300880875e-03
7.408521303258145281e+02	1.008642387363771313e-02
7.428571428571428896e+02	1.024250976794855404e-02
7.448621553884711375e+02	1.040110345793681355e-02
7.468671679197994990e+02	1.056216722262426008e-02
7.488721804511278606e+02	1.072566349767668098e-02
7.508771929824561084e+02	1.089155488524207877e-02
7.528822055137844700e+02	1.105980416331713359e-02
7.548872180451128315e+02	1.123037429465722874e-02
7.568922305764410794e+02	1.140322843524479469e-02
7.588972431077693273e+02	1.157832994232982880e-02
7.609022556390978025e+02	1.175564238205723151e-02
7.629072681704260503e+02	1.193512953669397664e-02
7.649122807017542982e+02	1.211675541147008532e-02
7.669172932330826598e+02	1.230048424104534209e-02
7.689223057644110213e+02	1.248628049561472698e-02
7.709273182957392692e+02	1.267410888666545450e-02
7.729323308270676307e+02	1.286393437239601034e-02
7.749373433583959923e+02	1.305572216280997261e-02
7.769423558897242401e+02	1.324943772449524958e-02
7.789473684210526017e+02	1.344504678509980851e-02
7.809523809523809632e+02	1.364251533751412865e-02
7.829573934837092111e+02	1.384180964377135573e-02
7.849624060150375726e+02	1.404289623867424619e-02
7.869674185463659342e+02	1.424574193315970502e-02
7.889724310776941820e+02	1.445031381740898534e-02
7.909774436090225436e+02	1.465657926371406912e-02
7.929824561403509051e+02	1.486450592910805446e-02
7.949874686716791530e+02	1.507406175776882830e-02
7.969924812030075145e+02	1.528521498320405299e-02
7.989974937343358761e+02	1.549793413022573785e-02
8.010025062656641239e+02	1.571218801672201459e-02
8.030075187969924855e+02	1.592794575523432538e-02
8.050125313283208470e+02	1.614517675434682872e-02
8.070175438596490949e+02	1.636385071989528497e-02
8.090225563909773427e+02	1.658393765600310252e-02
8.110275689223058180e+02	1.680540786595014977e-02
8.130325814536340658e+02	1.702823195288166377e-02
8.150375939849623137e+02	1.725238082036397239e-02
8.170426065162906752e+02	1.747782567279157137e-02
8.190476190476190368e+02	1.770453801565355714e-02
8.210526315789472847e+02	1.793248965566354367e-02
8.230576441102756462e+02	1.816165270075987409e-02
8.250626566416040077e+02	1.839199955998023842e-02
8.270676691729322556e+02	1.862350294321766728e-02
8.290726817042606172e+02	1.885613586086113541e-02
8.310776942355889787e+02	1.908987162332671794e-02
8.330827067669172266e+02	1.932468384048441692e-02
8.350877192982455881e+02	1.956054642098415189e-02
8.370927318295739497e+02	1.979743357148618099e-02
8.390977443609021975e+02	2.003531979579989755e-02
8.411027568922305591e+02	2.027417989393582448e-02
8.431077694235589206e+02	2.051398896107341219e-02
8.451127819548871685e+02	2.075472238645004186e-02
8.471177944862155300e+02	2.099635585217461686e-02
8.491228070175438916e+02	2.123886533196861839e-02
8.511278195488721394e+02	2.148222708983893448e-02
8.531328320802005010e+02	2.172641767868579293e-02
8.551378446115288625e+02	2.197141393884868843e-02
8.571428571428571104e+02	2.221719299659393604e-02
8.591478696741853582e+02	2.246373226254656796e-02
8.611528822055138335e+02	2.271100943006964384e-02
8.631578947368420813e+02	2.295900247359419083e-02
8.651629072681703292e+02	2.320768964690160877e-02
8.671679197994988044e+02	2.345704948136267259e-02
8.691729323308270523e+02	2.370706078413396117e-02
8.711779448621553001e+02	2.395770263631564340e-02
8.731829573934836617e+02	2.420895439107240144e-02
8.751879699248120232e+02	2.446079567171964564e-02
8.771929824561402711e+02	2.471320636977758847e-02
8.791979949874686326e+02	2.496616664299549856e-02
8.812030075187969942e+02	2.521965691334718956e-02
8.832080200501252421e+02	2.547365786500093918e-02
8.852130325814536036e+02	2.572815044226569800e-02
8.872180451127819651e+02	2.598311584751389347e-02
8.892230576441102130e+02	2.623853553908493327e-02
8.912280701754385746e+02	2.649439122916898495e-02
8.932330827067669361e+02	2.675066488167442136e-02
8.952380952380951840e+02	2.700733871007891113e-02
8.972431077694235455e+02	2.726439517526728362e-02
8.992481203007519071e+02	2.752181698335670612e-02
9.012531328320801549e+02	2.777958708350959996e-02
9.032581453634085165e+02	2.803768866573914248e-02
9.052631578947368780e+02	2.829610515870373613e-02
9.072681704260651259e+02	2.855482022749617627e-02
9.092731829573933737e+02	2.881381777142573083e-02
9.112781954887218490e+02	2.907308192179612963e-02
9.132832080200500968e+02	2.933259703967918547e-02
9.152882205513784584e+02	2.959234771368622272e-02
9.172932330827067062e+02	2.985231875773750390e-02
9.192982456140350678e+02	3.011249520883144126e-02
9.213032581453634293e+02	3.037286232481392276e-02
9.233082706766916772e+02	3.063340558214815504e-02
9.253132832080200387e+02	3.089411067368779198e-02
9.273182957393482866e+02	3.115496350645164531e-02
9.293233082706766481e+02	3.141595019940349870e-02
9.313283208020050097e+02	3.167705708123443736e-02
9.333333333333332575e+02	3.193827068815225517e-02
9.353383458646616191e+02	3.219957776167520214e-02
9.373433583959899806e+02	3.246096524643302117e-02
9.393483709273182285e+02	3.272242028797458374e-02
9.413533834586465900e+02	3.298393023058380363e-02
9.433583959899749516e+02	3.324548261510282959e-02
9.453634085213031994e+02	3.350706517676550061e-02
9.473684210526315610e+02	3.376866584303827440e-02
9.493734335839599225e+02	3.403027273147268827e-02
9.513784461152881704e+02	3.429187414756700719e-02
9.533834586466165320e+02	3.455345858263867559e-02
9.553884711779447798e+02	3.481501471170853068e-02
9.573934837092731414e+02	3.507653139139580573e-02
9.593984962406015029e+02	3.533799765782517921e-02
9.614035087719297508e+02	3.559940272454652915e-02
9.634085213032581123e+02	3.586073598046672639e-02
9.654135338345864739e+02	3.612198698779438971e-02
9.674185463659147217e+02	3.638314547999806081e-02
9.694235588972430833e+02	3.664420135977781989e-02
9.714285714285714448e+02	3.690514469705027251e-02
9.734335839598996927e+02	3.716596572694789297e-02
9.754385964912280542e+02	3.742665484783228719e-02
9.774436090225563021e+02	3.768720261932220067e-02
9.794486215538846636e+02	3.794759976033554305e-02
9.814536340852130252e+02	3.820783714714690721e-02
9.834586466165412730e+02	3.846790581145961146e-02
9.854636591478696346e+02	3.872779693849279226e-02
9.874686716791979961e+02	3.898750186508369991e-02
9.894736842105262440e+02	3.924701207780625922e-02
9.914786967418546055e+02	3.950631921110391714e-02
9.934837092731829671e+02	3.976541504543865818e-02
9.954887218045112149e+02	4.002429150545543796e-02
9.974937343358395765e+02	4.028294065816372116e-02
9.994987468671679380e+02	4.054135471113267525e-02
1.001503759398496186e+03	4.079952601070382934e-02
1.003508771929824547e+03	4.105744704021983132e-02
1.005513784461152795e+03	4.131511041826802649e-02
1.007518796992481157e+03	4.157250889694184132e-02
1.009523809523809518e+03	4.182963536011627403e-02
1.011528822055137766e+03	4.208648282174116267e-02
1.013533834586466128e+03	4.234304442415025987e-02
1.015538847117794489e+03	4.259931343638551776e-02
1.017543859649122737e+03	4.285528325253880333e-02
1.019548872180451099e+03	4.311094739010936511e-02
1.021553884711779460e+03	4.336629948837645437e-02
1.023558897243107708e+03	4.362133330679016097e-02
1.025563909774436070e+03	4.387604272337608524e-02
1.027568922305764318e+03	4.413042173315790545e-02
1.029573934837092565e+03	4.438446444659444740e-02
1.031578947368421041e+03	4.463816508803435806e-02
1.033583959899749289e+03	4.489151799418555217e-02
1.035588972431077764e+03	4.514451761260054874e-02
1.037593984962406012e+03	4.539715850017932153e-02
1.039598997493734259e+03	4.564943532168517365e-02
1.041604010025062507e+03	4.590134284827902117e-02
1.043609022556390983e+03	4.615287595606741566e-02
1.045614035087719230e+03	4.640402962466798342e-02
1.047619047619047706e+03	4.665479893578818732e-02
1.049624060150375954e+03	4.690517907182181062e-02
1.051629072681704201e+03	4.715516531445917287e-02
1.053634085213032449e+03	4.740475304331352724e-02
1.055639097744360697e+03	4.765393773456232107e-02
1.057644110275689172e+03	4.790271495960342352e-02
1.059649122807017648e+03	4.815108038372710453e-02
1.061654135338345895e+03	4.839902976480210672e-02
1.063659147869674143e+03	4.864655895197722568e-02
1.065664160401002391e+03	4.889366388439701089e-02
1.067669172932330639e+03	4.914034058993292653e-02
1.069674185463659114e+03	4.938658518392805702e-02
1.071679197994987589e+03	4.963239386795788299e-02
1.073684210526315837e+03	4.987776292860302690e-02
1.075689223057644085e+03	5.012268873623838134e-02
1.077694235588972333e+03	5.036716774383554612e-02
1.079699248120300581e+03	5.061119648577942776e-02
1.081704260651629056e+03	5.085477157669803655e-02
1.083709273182957304e+03	5.109788971030770899e-02
1.085714285714285779e+03	5.134054765826985556e-02
1.087719298245614027e+03	5.158274226906391091e-02
1.089724310776942275e+03	5.182447046687137238e-02
1.091729323308270523e+03	5.206572925047438238e-02
1.093734335839598998e+03	5.230651569216731439e-02
1.095739348370927246e+03	5.254682693668207005e-02
1.097744360902255721e+03	5.278666020012513088e-02
1.099749373433583969e+03	5.302601276892927179e-02
1.101754385964912217e+03	5.326488199881545399e-02
1.103759398496240465e+03	5.350326531377083000e-02
1.105764411027568940e+03	5.374116020503593577e-02
1.107769423558897188e+03	5.397856423010722465e-02
1.109774436090225663e+03	5.421547501174939221e-02
1.111779448621553911e+03	5.445189023702162040e-02
1.113784461152882159e+03	5.468780765631524321e-02
1.115789473684210407e+03	5.492322508240371493e-02
1.117794486215538655e+03	5.515814038950406922e-02
1.119799498746867130e+03	5.539255151234992458e-02
1.121804511278195605e+03	5.562645644527720173e-02
1.123809523809523853e+03	5.585985324131928498e-02
1.125814536340852101e+03	5.609274001131686616e-02
1.127819548872180349e+03	5.632511492303537287e-02
1.129824561403508596e+03	5.655697620029539324e-02
1.131829573934837072e+03	5.678832212211486208e-02
1.133834586466165320e+03	5.701915102186046191e-02
1.135839598997493795e+03	5.724946128641174303e-02
1.137844611528822043e+03	5.747925135533300811e-02
1.139849624060150290e+03	5.770851972005908159e-02
1.141854636591478538e+03	5.793726492309016901e-02
1.143859649122807014e+03	5.816548555719593117e-02
1.145864661654135261e+03	5.839318026463161115e-02
1.147869674185463737e+03	5.862034773636327911e-02
1.149874686716791985e+03	5.884698671130305508e-02
1.151879699248120232e+03	5.907309597555506636e-02
1.153884711779448480e+03	5.929867436167022415e-02
1.155889724310776955e+03	5.952372074791103390e-02
1.157894736842105203e+03	5.974823405752674454e-02
1.159899749373433679e+03	5.997221325803608200e-02
1.161904761904761926e+03	6.019565736052092525e-02
1.163909774436090174e+03	6.041856541892985655e-02
1.165914786967418422e+03	6.064093652938822715e-02
1.167919799498746670e+03	6.086276982951985964e-02
1.169924812030075145e+03	6.108406449777616792e-02
1.171929824561403620e+03	6.130481975277487366e-02
1.173934837092731868e+03	6.152503485264690375e-02
1.175939849624060116e+03	6.174470909439230826e-02
1.177944862155388364e+03	6.196384181324533086e-02
1.179949874686716612e+03	6.218243238204515522e-02
1.181954887218045087e+03	6.240048021061885691e-02
1.183959899749373335e+03	6.261798474517026036e-02
1.185964912280701810e+03	6.283494546767565136e-02
1.187969924812030058e+03	6.305136189529224333e-02
1.189974937343358306e+03	6.326723357976823947e-02
1.191979949874686554e+03	6.348256010686602335e-02
1.193984962406015029e+03	6.369734109579096304e-02
1.195989974937343277e+03	6.391157619862641859e-02
1.197994987468671752e+03	6.412526509977926892e-02
1.200000000000000000e+03	6.433840751543042080e-02
