4.000000000000000000e+02	3.700032819467456713e-02
4.020050125313283047e+02	3.763409622553919032e-02
4.040100250626566663e+02	3.827204527175896015e-02
4.060150375939849710e+02	3.891396467564420952e-02
4.080200501253132757e+02	3.955964847069343843e-02
4.100250626566415804e+02	4.020889534692723144e-02
4.120300751879699419e+02	4.086150861193146855e-02
4.140350877192982466e+02	4.151729614801633744e-02
4.160401002506265513e+02	4.217607036587012886e-02
4.180451127819549129e+02	4.283764815506029694e-02
4.200501253132832176e+02	4.350185083171165257e-02
4.220551378446115223e+02	4.416850408366929798e-02
4.240601503759398270e+02	4.483743791343142160e-02
4.260651629072681885e+02	4.550848657911751860e-02
4.280701754385964932e+02	4.618148853372050500e-02
4.300751879699247979e+02	4.685628636287142434e-02
4.320802005012531026e+02	4.753272672133113108e-02
4.340852130325814642e+02	4.821066026840514773e-02
4.360902255639097689e+02	4.888994160246753345e-02
4.380952380952380736e+02	4.957042919476104675e-02
4.401002506265664351e+02	5.025198532263259327e-02
4.421052631578947398e+02	5.093447600234819045e-02
4.441102756892230445e+02	5.161777092162146696e-02
4.461152882205514061e+02	5.230174337198022216e-02
4.481203007518797108e+02	5.298627018108281045e-02
4.501253132832080155e+02	5.367123164509109146e-02
4.521303258145363202e+02	5.435651146119407917e-02
4.541353383458646817e+02	5.504199666037178085e-02
4.561403508771929864e+02	5.572757754047871770e-02
4.581453634085212911e+02	5.641314759972010373e-02
4.601503759398495959e+02	5.709860347058943325e-02
4.621553884711779574e+02	5.778384485432568052e-02
4.641604010025062621e+02	5.846877445594768352e-02
4.661654135338345668e+02	5.915329791991422170e-02
4.681704260651629284e+02	5.983732376645278100e-02
4.701754385964912331e+02	6.052076332860280988e-02
4.721804511278195378e+02	6.120353069000107615e-02
4.741854636591478993e+02	6.188554262344854451e-02
4.761904761904762040e+02	6.256671853028268615e-02
4.781954887218045087e+02	6.324698038058054750e-02
4.802005012531328134e+02	6.392625265421462977e-02
4.822055137844611181e+02	6.460446228278064751e-02
4.842105263157894797e+02	6.528153859240964918e-02
4.862155388471177844e+02	6.595741324748224943e-02
4.882205513784460891e+02	6.663202019525116260e-02
4.902255639097744506e+02	6.730529561138437478e-02
4.922305764411027553e+02	6.797717784643224348e-02
4.942355889724310600e+02	6.864760737322436746e-02
4.962406015037594216e+02	6.931652673520066754e-02
4.982456140350877263e+02	6.998388049567529079e-02
5.002506265664160310e+02	7.064961518803392071e-02
5.022556390977443357e+02	7.131367926686393854e-02
5.042606516290726404e+02	7.197602306001295303e-02
5.062656641604010019e+02	7.263659872157482433e-02
5.082706766917293066e+02	7.329536018579259349e-02
5.102756892230576113e+02	7.395226312187966333e-02
5.122807017543859729e+02	7.460726488974504800e-02
5.142857142857142208e+02	7.526032449662130308e-02
5.162907268170425823e+02	7.591140255458352082e-02
5.182957393483709438e+02	7.656046123895034194e-02
5.203007518796991917e+02	7.720746424755958737e-02
5.223057644110275533e+02	7.785237676090597803e-02
5.243107769423559148e+02	7.849516540313294932e-02
5.263157894736841627e+02	7.913579820386669461e-02
5.283208020050125242e+02	7.977424456088022531e-02
5.303258145363408858e+02	8.041047520357581802e-02
5.323308270676691336e+02	8.104446215727970082e-02
5.343358395989974952e+02	8.167617870832601101e-02
5.363408521303258567e+02	8.230559936992765113e-02
5.383458646616541046e+02	8.293269984881961043e-02
5.403508771929824661e+02	8.355745701265722414e-02
5.423558897243108277e+02	8.417984885816244545e-02
5.443609022556390755e+02	8.479985448000343373e-02
5.463659147869674371e+02	8.541745404039467748e-02
5.483709273182957986e+02	8.603262873940334399e-02
5.503759398496240465e+02	8.664536078595294621e-02
5.523809523809524080e+02	8.725563336950963034e-02
5.543859649122806559e+02	8.786343063243370888e-02
5.563909774436090174e+02	8.846873764299567622e-02
5.583959899749372653e+02	8.907154036902820149e-02
5.604010025062656268e+02	8.967182565221733237e-02
5.624060150375939884e+02	9.026958118300940082e-02
5.644110275689222362e+02	9.086479547612394403e-02
5.664160401002505978e+02	9.145745784666498013e-02
5.684210526315789593e+02	9.204755838681355495e-02
5.704260651629072072e+02	9.263508794309104066e-02
5.724310776942355687e+02	9.322003809418009934e-02
5.744360902255639303e+02	9.380240112929373597e-02
5.764411027568921781e+02	9.438217002708344794e-02
5.784461152882205397e+02	9.495933843506590422e-02
5.804511278195489012e+02	9.553390064956505945e-02
5.824561403508771491e+02	9.610585159615872564e-02
5.844611528822055107e+02	9.667518681061165742e-02
5.864661654135338722e+02	9.724190242029186193e-02
5.884711779448621201e+02	9.780599512605564483e-02
5.904761904761904816e+02	9.836746218459058166e-02
5.924812030075188432e+02	9.892630139121104393e-02
5.944862155388470910e+02	9.948251106308607372e-02
5.964912280701754526e+02	1.000360900229026323e-01
5.984962406015038141e+02	1.005870375829438917e-01
6.005012531328320620e+02	1.011353535295783646e-01
6.025062656641604235e+02	1.016810381081499071e-01
6.045112781954886714e+02	1.022240920082545246e-01
6.065162907268170329e+02	1.027645163494058794e-01
6.085213032581452808e+02	1.033023126670658820e-01
6.105263157894736423e+02	1.038374828990471371e-01
6.125313283208020039e+02	1.043700293722624878e-01
6.145363408521302517e+02	1.048999547898307461e-01
6.165413533834586133e+02	1.054272622185131597e-01
6.185463659147869748e+02	1.059519550764864565e-01
6.205513784461152227e+02	1.064740371214373954e-01
6.225563909774435842e+02	1.069935124389714692e-01
6.245614035087719458e+02	1.075103854313275986e-01
6.265664160401001936e+02	1.080246608064015373e-01
6.285714285714285552e+02	1.085363435670506776e-01
6.305764411027569167e+02	1.090454390006915519e-01
6.325814536340851646e+02	1.095519526691789008e-01
6.345864661654135261e+02	1.100558903989485166e-01
6.365914786967418877e+02	1.105572582714336727e-01
6.385964912280701355e+02	1.110560626137358231e-01
6.406015037593984971e+02	1.115523099895498332e-01
6.426065162907268586e+02	1.120460071903355420e-01
6.446115288220551065e+02	1.125371612267295068e-01
6.466165413533834680e+02	1.130257793201909083e-01
6.486215538847118296e+02	1.135118688948763832e-01
6.506265664160400775e+02	1.139954375697382893e-01
6.526315789473684390e+02	1.144764931508382710e-01
6.546365914786966869e+02	1.149550436238769707e-01
6.566416040100250484e+02	1.154310971469248437e-01
6.586466165413532963e+02	1.159046620433591690e-01
6.606516290726817715e+02	1.163757467949961683e-01
6.626566416040100194e+02	1.168443600354106132e-01
6.646616541353382672e+02	1.173105105434507633e-01
6.666666666666666288e+02	1.177742072369252352e-01
6.686716791979949903e+02	1.182354591664752375e-01
6.706766917293232382e+02	1.186942755096149354e-01
6.726817042606515997e+02	1.191506655649424984e-01
6.746867167919799613e+02	1.196046387465131977e-01
6.766917293233082091e+02	1.200562045783742648e-01
6.786967418546365707e+02	1.205053726892578864e-01
6.807017543859649322e+02	1.209521528074188335e-01
6.827067669172931801e+02	1.213965547556288965e-01
6.847117794486215416e+02	1.218385884463079605e-01
6.867167919799499032e+02	1.222782638768034197e-01
6.887218045112781510e+02	1.227155911247963110e-01
6.907268170426065126e+02	1.231505803438525531e-01
6.927318295739348741e+02	1.235832417590938953e-01
6.947368421052631220e+02	1.240135856630012329e-01
6.967418546365914835e+02	1.244416224113404773e-01
6.987468671679198451e+02	1.248673624192080667e-01
7.007518796992480929e+02	1.252908161571912038e-01
7.027568922305763408e+02	1.257119941476466107e-01
7.047619047619048160e+02	1.261309069610861144e-01
7.067669172932330639e+02	1.265475652126726858e-01
7.087719298245613118e+02	1.269619795588211586e-01
7.107769423558897870e+02	1.273741606939016724e-01
7.127819548872180349e+02	1.277841193470407033e-01
7.147869674185462827e+02	1.281918662790243468e-01
7.167919799498746443e+02	1.285974122792919727e-01
7.187969924812030058e+02	1.290007681630219172e-01
7.208020050125312537e+02	1.294019447683109891e-01
7.228070175438596152e+02	1.298009529534368267e-01
7.248120300751879768e+02	1.301978035942077117e-01
7.268170426065162246e+02	1.305925075813949010e-01
7.288220551378445862e+02	1.309850758182475039e-01
7.308270676691729477e+02	1.313755192180779408e-01
7.328320802005011956e+02	1.317638487019373028e-01
7.348370927318295571e+02	1.321500751963523568e-01
7.368421052631579187e+02	1.325342096311422357e-01
7.388471177944861665e+02	1.329162629373020210e-01
7.408521303258145281e+02	1.332962460449593212e-01
7.428571428571428896e+02	1.336741698813922463e-01
7.448621553884711375e+02	1.340500453691126914e-01
7.468671679197994990e+02	1.344238834240236713e-01
7.488721804511278606e+02	1.347956949536169291e-01
7.508771929824561084e+02	1.351654908552548939e-01
7.528822055137844700e+02	1.355332820144909967e-01
7.548872180451128315e+02	1.358990793034583477e-01
7.568922305764410794e+02	1.362628935793103180e-01
7.588972431077693273e+02	1.366247356827121062e-01
7.609022556390978025e+02	1.369846164363877905e-01
7.629072681704260503e+02	1.373425466437177001e-01
7.649122807017542982e+02	1.376985370873863024e-01
7.669172932330826598e+02	1.380525985280717238e-01
7.689223057644110213e+02	1.384047417031907812e-01
7.709273182957392692e+02	1.387549773256864238e-01
7.729323308270676307e+02	1.391033160828546722e-01
7.749373433583959923e+02	1.394497686352210164e-01
7.769423558897242401e+02	1.397943456154566444e-01
7.789473684210526017e+02	1.401370576273316682e-01
7.809523809523809632e+02	1.404779152447148960e-01
7.829573934837092111e+02	1.408169290106055516e-01
7.849624060150375726e+02	1.411541094362052662e-01
7.869674185463659342e+02	1.414894670000267918e-01
7.889724310776941820e+02	1.418230121470381577e-01
7.909774436090225436e+02	1.421547552878373866e-01
7.929824561403509051e+02	1.424847067978692594e-01
7.949874686716791530e+02	1.428128770166611772e-01
7.969924812030075145e+02	1.431392762471064006e-01
7.989974937343358761e+02	1.434639147547629445e-01
8.010025062656641239e+02	1.437868027671954096e-01
8.030075187969924855e+02	1.441079504733341343e-01
8.050125313283208470e+02	1.444273680228704282e-01
8.070175438596490949e+02	1.447450655256785623e-01
8.090225563909773427e+02	1.450610530512560781e-01
8.110275689223058180e+02	1.453753406282051186e-01
8.130325814536340658e+02	1.456879382437211157e-01
8.150375939849623137e+02	1.459988558431207506e-01
8.170426065162906752e+02	1.463081033293847644e-01
8.190476190476190368e+02	1.466156905627248597e-01
8.210526315789472847e+02	1.469216273601778033e-01
8.230576441102756462e+02	1.472259234952160434e-01
8.250626566416040077e+02	1.475285886973799476e-01
8.270676691729322556e+02	1.478296326519326354e-01
8.290726817042606172e+02	1.481290649995336828e-01
8.310776942355889787e+02	1.484268953359316190e-01
8.330827067669172266e+02	1.487231332116740745e-01
8.350877192982455881e+02	1.490177881318387465e-01
8.370927318295739497e+02	1.493108695557791021e-01
8.390977443609021975e+02	1.496023868968904269e-01
8.411027568922305591e+02	1.498923495223878910e-01
8.431077694235589206e+02	1.501807667531044055e-01
8.451127819548871685e+02	1.504676478633029946e-01
8.471177944862155300e+02	1.507530020805037119e-01
8.491228070175438916e+02	1.510368385853238793e-01
8.511278195488721394e+02	1.513191665113375051e-01
8.531328320802005010e+02	1.515999949449403639e-01
8.551378446115288625e+02	1.518793329252380309e-01
8.571428571428571104e+02	1.521571894439366635e-01
8.591478696741853582e+02	1.524335734452574309e-01
8.611528822055138335e+02	1.527084938258513602e-01
8.631578947368420813e+02	1.529819594347341105e-01
8.651629072681703292e+02	1.532539790732281304e-01
8.671679197994988044e+02	1.535245614949206916e-01
8.691729323308270523e+02	1.537937154056265576e-01
8.711779448621553001e+02	1.540614494633624210e-01
8.731829573934836617e+02	1.543277722783336914e-01
8.751879699248120232e+02	1.545926924129317204e-01
8.771929824561402711e+02	1.548562183817355498e-01
8.791979949874686326e+02	1.551183586515250956e-01
8.812030075187969942e+02	1.553791216413057397e-01
8.832080200501252421e+02	1.556385157223383886e-01
8.852130325814536036e+02	1.558965492181767776e-01
8.872180451127819651e+02	1.561532304047165143e-01
8.892230576441102130e+02	1.564085675102477591e-01
8.912280701754385746e+02	1.566625687155161761e-01
8.932330827067669361e+02	1.569152421537966247e-01
8.952380952380951840e+02	1.571665959109612432e-01
8.972431077694235455e+02	1.574166380255691833e-01
8.992481203007519071e+02	1.576653764889518194e-01
9.012531328320801549e+02	1.579128192453052859e-01
9.032581453634085165e+02	1.581589741917984737e-01
9.052631578947368780e+02	1.584038491786703418e-01
9.072681704260651259e+02	1.586474520093502927e-01
9.092731829573933737e+02	1.588897904405703332e-01
9.112781954887218490e+02	1.591308721824903349e-01
9.132832080200500968e+02	1.593707048988232677e-01
9.152882205513784584e+02	1.596092962069704246e-01
9.172932330827067062e+02	1.598466536781554259e-01
9.192982456140350678e+02	1.600827848375654672e-01
9.213032581453634293e+02	1.603176971644995896e-01
9.233082706766916772e+02	1.605513980925150352e-01
9.253132832080200387e+02	1.607838950095812347e-01
9.273182957393482866e+02	1.610151952582376811e-01
9.293233082706766481e+02	1.612453061357519979e-01
9.313283208020050097e+02	1.614742348942899697e-01
9.333333333333332575e+02	1.617019887410763579e-01
9.353383458646616191e+02	1.619285748385667911e-01
9.373433583959899806e+02	1.621540003046235412e-01
9.393483709273182285e+02	1.623782722126917710e-01
9.413533834586465900e+02	1.626013975919736732e-01
9.433583959899749516e+02	1.628233834276171244e-01
9.453634085213031994e+02	1.630442366608941263e-01
9.473684210526315610e+02	1.632639641893905424e-01
9.493734335839599225e+02	1.634825728671942535e-01
9.513784461152881704e+02	1.637000695050859767e-01
9.533834586466165320e+02	1.639164608707290305e-01
9.553884711779447798e+02	1.641317536888719508e-01
9.573934837092731414e+02	1.643459546415357020e-01
9.593984962406015029e+02	1.645590703682191236e-01
9.614035087719297508e+02	1.647711074660973551e-01
9.634085213032581123e+02	1.649820724902211211e-01
9.654135338345864739e+02	1.651919719537222608e-01
9.674185463659147217e+02	1.654008123280159281e-01
9.694235588972430833e+02	1.656086000430110894e-01
9.714285714285714448e+02	1.658153414873087261e-01
9.734335839598996927e+02	1.660210430084196609e-01
9.754385964912280542e+02	1.662257109129645916e-01
9.774436090225563021e+02	1.664293514668935547e-01
9.794486215538846636e+02	1.666319708956856549e-01
9.814536340852130252e+02	1.668335753845719693e-01
9.834586466165412730e+02	1.670341710787380529e-01
9.854636591478696346e+02	1.672337640835440675e-01
9.874686716791979961e+02	1.674323604647342811e-01
9.894736842105262440e+02	1.676299662486532005e-01
9.914786967418546055e+02	1.678265874224604548e-01
9.934837092731829671e+02	1.680222299343449022e-01
9.954887218045112149e+02	1.682168996937377647e-01
9.974937343358395765e+02	1.684106025715337851e-01
9.994987468671679380e+02	1.686033444003045556e-01
1.001503759398496186e+03	1.687951309745120698e-01
1.003508771929824547e+03	1.689859680507275475e-01
1.005513784461152795e+03	1.691758613478484830e-01
1.007518796992481157e+03	1.693648165473151390e-01
1.009523809523809518e+03	1.695528392933246808e-01
1.011528822055137766e+03	1.697399351930475586e-01
1.013533834586466128e+03	1.699261098168510231e-01
1.015538847117794489e+03	1.701113686985016582e-01
1.017543859649122737e+03	1.702957173353942533e-01
1.019548872180451099e+03	1.704791611887608860e-01
1.021553884711779460e+03	1.706617056838887481e-01
1.023558897243107708e+03	1.708433562103353065e-01
1.025563909774436070e+03	1.710241181221401341e-01
1.027568922305764318e+03	1.712039967380454830e-01
1.029573934837092565e+03	1.713829973417053398e-01
1.031578947368421041e+03	1.715611251818997818e-01
1.033583959899749289e+03	1.717383854727497494e-01
1.035588972431077764e+03	1.719147833939309866e-01
1.037593984962406012e+03	1.720903240908848164e-01
1.039598997493734259e+03	1.722650126750259469e-01
1.041604010025062507e+03	1.724388542239628785e-01
1.043609022556390983e+03	1.726118537816994092e-01
1.045614035087719230e+03	1.727840163588507671e-01
1.047619047619047706e+03	1.729553469328467263e-01
1.049624060150375954e+03	1.731258504481483773e-01
1.051629072681704201e+03	1.732955318164487168e-01
1.053634085213032449e+03	1.734643959168835348e-01
1.055639097744360697e+03	1.736324475962375546e-01
1.057644110275689172e+03	1.737996916691504357e-01
1.059649122807017648e+03	1.739661329183184724e-01
1.061654135338345895e+03	1.741317760947024007e-01
1.063659147869674143e+03	1.742966259177322619e-01
1.065664160401002391e+03	1.744606870755023853e-01
1.067669172932330639e+03	1.746239642249832469e-01
1.069674185463659114e+03	1.747864619922123441e-01
1.071679197994987589e+03	1.749481849725016414e-01
1.073684210526315837e+03	1.751091377306309982e-01
1.075689223057644085e+03	1.752693248010530336e-01
1.077694235588972333e+03	1.754287506880805869e-01
1.079699248120300581e+03	1.755874198660943297e-01
1.081704260651629056e+03	1.757453367797262855e-01
1.083709273182957304e+03	1.759025058440651934e-01
1.085714285714285779e+03	1.760589314448426368e-01
1.087719298245614027e+03	1.762146179386269718e-01
1.089724310776942275e+03	1.763695696530156454e-01
1.091729323308270523e+03	1.765237908868257932e-01
1.093734335839598998e+03	1.766772859102829496e-01
1.095739348370927246e+03	1.768300589652078147e-01
1.097744360902255721e+03	1.769821142652082957e-01
1.099749373433583969e+03	1.771334559958594179e-01
1.101754385964912217e+03	1.772840883148922575e-01
1.103759398496240465e+03	1.774340153523771280e-01
1.105764411027568940e+03	1.775832412109100422e-01
1.107769423558897188e+03	1.777317699657896821e-01
1.109774436090225663e+03	1.778796056651984481e-01
1.111779448621553911e+03	1.780267523303874500e-01
1.113784461152882159e+03	1.781732139558493411e-01
1.115789473684210407e+03	1.783189945095008944e-01
1.117794486215538655e+03	1.784640979328559474e-01
1.119799498746867130e+03	1.786085281412022330e-01
1.121804511278195605e+03	1.787522890237774331e-01
1.123809523809523853e+03	1.788953844439382657e-01
1.125814536340852101e+03	1.790378182393355666e-01
1.127819548872180349e+03	1.791795942220876792e-01
1.129824561403508596e+03	1.793207161789423520e-01
1.131829573934837072e+03	1.794611878714547915e-01
1.133834586466165320e+03	1.796010130361501977e-01
1.135839598997493795e+03	1.797401953846893830e-01
1.137844611528822043e+03	1.798787386040381076e-01
1.139849624060150290e+03	1.800166463566259534e-01
1.141854636591478538e+03	1.801539222805160489e-01
1.143859649122807014e+03	1.802905699895627489e-01
1.145864661654135261e+03	1.804265930735694801e-01
1.147869674185463737e+03	1.805619950984579392e-01
1.149874686716791985e+03	1.806967796064149478e-01
1.151879699248120232e+03	1.808309501160600685e-01
1.153884711779448480e+03	1.809645101225951791e-01
1.155889724310776955e+03	1.810974630979599043e-01
1.157894736842105203e+03	1.812298124909932640e-01
1.159899749373433679e+03	1.813615617275737557e-01
1.161904761904761926e+03	1.814927142107830849e-01
1.163909774436090174e+03	1.816232733210469963e-01
1.165914786967418422e+03	1.817532424162922322e-01
1.167919799498746670e+03	1.818826248320903338e-01
1.169924812030075145e+03	1.820114238818046071e-01
1.171929824561403620e+03	1.821396428567401693e-01
1.173934837092731868e+03	1.822672850262839761e-01
1.175939849624060116e+03	1.823943536380503438e-01
1.177944862155388364e+03	1.825208519180230582e-01
1.179949874686716612e+03	1.826467830706985374e-01
1.181954887218045087e+03	1.827721502792226949e-01
1.183959899749373335e+03	1.828969567055332979e-01
1.185964912280701810e+03	1.830212054904966912e-01
1.187969924812030058e+03	1.831448997540418566e-01
1.189974937343358306e+03	1.832680425953022718e-01
1.191979949874686554e+03	1.833906370927441409e-01
1.193984962406015029e+03	1.835126863043040069e-01
1.195989974937343277e+03	1.836341932675182864e-01
1.197994987468671752e+03	1.837551609996579405e-01
1.200000000000000000e+03	1.838755924978516254e-01
