4.000000000000000000e+02	5.272648246319800065e-03
4.020050125313283047e+02	5.410492154542200470e-03
4.040100250626566663e+02	5.551206523381012510e-03
4.060150375939849710e+02	5.690640528084672627e-03
4.080200501253132757e+02	5.824854353828403178e-03
4.100250626566415804e+02	5.950228336382742955e-03
4.120300751879699419e+02	6.063553618347997110e-03
4.140350877192982466e+02	6.162103189041229223e-03
4.160401002506265513e+02	6.243682950821938075e-03
4.180451127819549129e+02	6.306663141950585513e-03
4.200501253132832176e+02	6.349991033323911481e-03
4.220551378446115223e+02	6.373186296920080839e-03
4.240601503759398270e+02	6.376320816071118225e-03
4.260651629072681885e+02	6.359984974734634970e-03
4.280701754385964932e+02	6.325242631248844880e-03
4.300751879699247979e+02	6.273577060718858560e-03
4.320802005012531026e+02	6.206830150040101857e-03
4.340852130325814642e+02	6.127137062435751395e-03
4.360902255639097689e+02	6.036858466403765416e-03
4.380952380952380736e+02	5.938512259047584556e-03
4.401002506265664351e+02	5.834706517179511290e-03
4.421052631578947398e+02	5.728075191684535439e-03
4.441102756892230445e+02	5.621217830639358044e-03
4.461152882205514061e+02	5.516644382610561524e-03
4.481203007518797108e+02	5.416725900168209776e-03
4.501253132832080155e+02	5.323651740503355240e-03
4.521303258145363202e+02	5.239393649537035444e-03
4.541353383458646817e+02	5.165676921418807695e-03
4.561403508771929864e+02	5.103958649254772793e-03
4.581453634085212911e+02	5.055412926883716060e-03
4.601503759398495959e+02	5.020922726423692611e-03
4.621553884711779574e+02	5.001078062431047258e-03
4.641604010025062621e+02	4.996179960634772148e-03
4.661654135338345668e+02	5.006249676705478054e-03
4.681704260651629284e+02	5.031042557424528737e-03
4.701754385964912331e+02	5.070065901710651794e-03
4.721804511278195378e+02	5.122600160805530940e-03
4.741854636591478993e+02	5.187722813935795145e-03
4.761904761904762040e+02	5.264334266273534325e-03
4.781954887218045087e+02	5.351185138268967946e-03
4.802005012531328134e+02	5.446904347659559803e-03
4.822055137844611181e+02	5.550027425920401290e-03
4.842105263157894797e+02	5.659024557896748242e-03
4.862155388471177844e+02	5.772327885209044794e-03
4.882205513784460891e+02	5.888357669193772757e-03
4.902255639097744506e+02	6.005546966197095916e-03
4.922305764411027553e+02	6.122364525659586970e-03
4.942355889724310600e+02	6.237335678445213305e-03
4.962406015037594216e+02	6.349061038246069100e-03
4.982456140350877263e+02	6.456232891760607315e-03
5.002506265664160310e+02	6.557649202973467491e-03
5.022556390977443357e+02	6.652225202684102466e-03
5.042606516290726404e+02	6.739002576011774749e-03
5.062656641604010019e+02	6.817156297651501100e-03
5.082706766917293066e+02	6.885999197004151993e-03
5.102756892230576113e+02	6.944984362901992711e-03
5.122807017543859729e+02	6.993705520545708335e-03
5.142857142857142208e+02	7.031895531599050182e-03
5.162907268170425823e+02	7.059423182358562712e-03
5.182957393483709438e+02	7.076288434797552152e-03
5.203007518796991917e+02	7.082616321386550097e-03
5.223057644110275533e+02	7.078649667261338423e-03
5.243107769423559148e+02	7.064740822909189484e-03
5.263157894736841627e+02	7.041342587446911341e-03
5.283208020050125242e+02	7.008998497146388951e-03
5.303258145363408858e+02	6.968332646489508453e-03
5.323308270676691336e+02	6.920039200060203004e-03
5.343358395989974952e+02	6.864871743335881384e-03
5.363408521303258567e+02	6.803632609239448382e-03
5.383458646616541046e+02	6.737162305434673745e-03
5.403508771929824661e+02	6.666329155055523460e-03
5.423558897243108277e+02	6.592019251075355128e-03
5.443609022556390755e+02	6.515126812051625152e-03
5.463659147869674371e+02	6.436545014691864158e-03
5.483709273182957986e+02	6.357157366728418899e-03
5.503759398496240465e+02	6.277829672078987476e-03
5.523809523809524080e+02	6.199402629306722742e-03
5.543859649122806559e+02	6.122685094053809986e-03
5.563909774436090174e+02	6.048448026460427271e-03
5.583959899749372653e+02	5.977419135639560656e-03
5.604010025062656268e+02	5.910278225077950781e-03
5.624060150375939884e+02	5.847653235389818280e-03
5.644110275689222362e+02	5.790116974159283288e-03
5.664160401002505978e+02	5.738184516663605468e-03
5.684210526315789593e+02	5.692311256052738286e-03
5.704260651629072072e+02	5.652891577049914962e-03
5.724310776942355687e+02	5.620258123402384169e-03
5.744360902255639303e+02	5.594681626121044554e-03
5.764411027568921781e+02	5.576371256963988388e-03
5.784461152882205397e+02	5.565475469607937889e-03
5.804511278195489012e+02	5.562083289470705870e-03
5.824561403508771491e+02	5.566226012161001012e-03
5.844611528822055107e+02	5.577879269996109668e-03
5.864661654135338722e+02	5.596965425906461761e-03
5.884711779448621201e+02	5.623356254297858306e-03
5.904761904761904816e+02	5.656875869029304692e-03
5.924812030075188432e+02	5.697303859551808985e-03
5.944862155388470910e+02	5.744378597401319023e-03
5.964912280701754526e+02	5.797800676618062449e-03
5.984962406015038141e+02	5.857236453236828316e-03
6.005012531328320620e+02	5.922321650730707522e-03
6.025062656641604235e+02	5.992665000163679284e-03
6.045112781954886714e+02	6.067851885785303587e-03
6.065162907268170329e+02	6.147447968862618933e-03
6.085213032581452808e+02	6.231002764659092363e-03
6.105263157894736423e+02	6.318053149621869272e-03
6.125313283208020039e+02	6.408126778001525282e-03
6.145363408521302517e+02	6.500745389286096895e-03
6.165413533834586133e+02	6.595427989965398780e-03
6.185463659147869748e+02	6.691693895237697635e-03
6.205513784461152227e+02	6.789065618313267284e-03
6.225563909774435842e+02	6.887071596948426272e-03
6.245614035087719458e+02	6.985248748746379459e-03
6.265664160401001936e+02	7.083144848579833557e-03
6.285714285714285552e+02	7.180320723217881868e-03
6.305764411027569167e+02	7.276352259867515347e-03
6.325814536340851646e+02	7.370832226867313035e-03
6.345864661654135261e+02	7.463371906189640581e-03
6.365914786967418877e+02	7.553602538719187721e-03
6.385964912280701355e+02	7.641176584477580441e-03
6.406015037593984971e+02	7.725768801054055598e-03
6.426065162907268586e+02	7.807077144485027181e-03
6.446115288220551065e+02	7.884823497699732994e-03
6.466165413533834680e+02	7.958754232418194241e-03
6.486215538847118296e+02	8.028640611054474463e-03
6.506265664160400775e+02	8.094279035746949902e-03
6.526315789473684390e+02	8.155491152110779657e-03
6.546365914786966869e+02	8.212123815691417181e-03
6.566416040100250484e+02	8.264048929396777821e-03
6.586466165413532963e+02	8.311163160404071854e-03
6.606516290726817715e+02	8.353387545181461052e-03
6.626566416040100194e+02	8.390666991338479805e-03
6.646616541353382672e+02	8.422969685030905901e-03
6.666666666666666288e+02	8.450286412597226779e-03
6.686716791979949903e+02	8.472629805004116069e-03
6.706766917293232382e+02	8.490033513530097914e-03
6.726817042606515997e+02	8.502551324926591395e-03
6.746867167919799613e+02	8.510256224068863187e-03
6.766917293233082091e+02	8.513239411848727567e-03
6.786967418546365707e+02	8.511609285775635636e-03
6.807017543859649322e+02	8.505490390441138721e-03
6.827067669172931801e+02	8.495022344674070178e-03
6.847117794486215416e+02	8.480358751868956324e-03
6.867167919799499032e+02	8.461666099615787473e-03
6.887218045112781510e+02	8.439122654395617845e-03
6.907268170426065126e+02	8.412917356739022662e-03
6.927318295739348741e+02	8.383248721874729525e-03
6.947368421052631220e+02	8.350323750526193051e-03
6.967418546365914835e+02	8.314356854148557616e-03
6.987468671679198451e+02	8.275568798536692139e-03
7.007518796992480929e+02	8.234185669381166583e-03
7.027568922305763408e+02	8.190437863003451752e-03
7.047619047619048160e+02	8.144559105165474419e-03
7.067669172932330639e+02	8.096785500523904014e-03
7.087719298245613118e+02	8.047354614986975893e-03
7.107769423558897870e+02	7.996504592930924610e-03
7.127819548872180349e+02	7.944473310946886802e-03
7.147869674185462827e+02	7.891497569516495517e-03
7.167919799498746443e+02	7.837812323754562646e-03
7.187969924812030058e+02	7.783649954114405661e-03
7.208020050125312537e+02	7.729239577720388617e-03
7.228070175438596152e+02	7.674806400777526780e-03
7.248120300751879768e+02	7.620571112306581164e-03
7.268170426065162246e+02	7.566749319266528363e-03
7.288220551378445862e+02	7.513551022952627903e-03
7.308270676691729477e+02	7.461180136399976799e-03
7.328320802005011956e+02	7.409834042374733622e-03
7.348370927318295571e+02	7.359703191403414377e-03
7.368421052631579187e+02	7.310970739168039245e-03
7.388471177944861665e+02	7.263812222486784771e-03
7.408521303258145281e+02	7.218395273001383498e-03
7.428571428571428896e+02	7.174879367605844528e-03
7.448621553884711375e+02	7.133415614574156911e-03
7.468671679197994990e+02	7.094146574278128482e-03
7.488721804511278606e+02	7.057206113328862683e-03
7.508771929824561084e+02	7.022719290926580753e-03
7.528822055137844700e+02	6.990802276163225054e-03
7.548872180451128315e+02	6.961562294989247571e-03
7.568922305764410794e+02	6.935097605530689269e-03
7.588972431077693273e+02	6.911497500423986924e-03
7.609022556390978025e+02	6.890842334823006447e-03
7.629072681704260503e+02	6.873203578726832554e-03
7.649122807017542982e+02	6.858643892274789849e-03
7.669172932330826598e+02	6.847217222659454303e-03
7.689223057644110213e+02	6.838968921316252413e-03
7.709273182957392692e+02	6.833935880060666018e-03
7.729323308270676307e+02	6.832146684860258661e-03
7.749373433583959923e+02	6.833621785947823976e-03
7.769423558897242401e+02	6.838373683005602617e-03
7.789473684210526017e+02	6.846407124174442096e-03
7.809523809523809632e+02	6.857719317670666649e-03
7.829573934837092111e+02	6.872300154823264909e-03
7.849624060150375726e+02	6.890132443375393892e-03
7.869674185463659342e+02	6.911192149928233053e-03
7.889724310776941820e+02	6.935448650440052820e-03
7.909774436090225436e+02	6.962864987729517133e-03
7.929824561403509051e+02	6.993398134969379919e-03
7.949874686716791530e+02	7.026999264194593205e-03
7.969924812030075145e+02	7.063614018887599995e-03
7.989974937343358761e+02	7.103182789742464552e-03
8.010025062656641239e+02	7.145640992748737361e-03
8.030075187969924855e+02	7.190919348775495074e-03
8.050125313283208470e+02	7.238944163875486726e-03
8.070175438596490949e+02	7.289637609568219538e-03
8.090225563909773427e+02	7.342918002401095309e-03
8.110275689223058180e+02	7.398700082124578213e-03
8.130325814536340658e+02	7.456895287857993361e-03
8.150375939849623137e+02	7.517412031658597844e-03
8.170426065162906752e+02	7.580155968944938052e-03
8.190476190476190368e+02	7.645030265261736763e-03
8.210526315789472847e+02	7.711935858909246301e-03
8.230576441102756462e+02	7.780771718996057698e-03
8.250626566416040077e+02	7.851435098507436941e-03
8.270676691729322556e+02	7.923821782015696286e-03
8.290726817042606172e+02	7.997826327691156742e-03
8.310776942355889787e+02	8.073342303304012826e-03
8.330827067669172266e+02	8.150262515938186403e-03
8.350877192982455881e+02	8.228479235167514283e-03
8.370927318295739497e+02	8.307884409473520818e-03
8.390977443609021975e+02	8.388369875711740656e-03
8.411027568922305591e+02	8.469827561459700865e-03
8.431077694235589206e+02	8.552149680105373269e-03
8.451127819548871685e+02	8.635228918559658892e-03
8.471177944862155300e+02	8.718958617499225974e-03
8.491228070175438916e+02	8.803232944068943924e-03
8.511278195488721394e+02	8.887947056993888983e-03
8.531328320802005010e+02	8.972997264071707127e-03
8.551378446115288625e+02	9.058281172034700346e-03
8.571428571428571104e+02	9.143697828789902268e-03
8.591478696741853582e+02	9.229147858061465676e-03
8.611528822055138335e+02	9.314533586477191304e-03
8.631578947368420813e+02	9.399759163155099392e-03
8.651629072681703292e+02	9.484730671860557016e-03
8.671679197994988044e+02	9.569356235818005096e-03
8.691729323308270523e+02	9.653546115272920378e-03
8.711779448621553001e+02	9.737212797912200152e-03
8.731829573934836617e+02	9.820271082260462539e-03
8.751879699248120232e+02	9.902638154180227678e-03
8.771929824561402711e+02	9.984233656613113184e-03
8.791979949874686326e+02	1.006497975270620460e-02
8.812030075187969942e+02	1.014480118247572220e-02
8.832080200501252421e+02	1.022362531316711905e-02
8.852130325814536036e+02	1.030138218347532823e-02
8.872180451127819651e+02	1.037800454179515358e-02
8.892230576441102130e+02	1.045342787867537676e-02
8.912280701754385746e+02	1.052759045365498497e-02
8.932330827067669361e+02	1.060043331666183329e-02
8.952380952380951840e+02	1.067190032415765363e-02
8.972431077694235455e+02	1.074193815021509679e-02
8.992481203007519071e+02	1.081049629271398083e-02
9.012531328320801549e+02	1.087752707484437691e-02
9.032581453634085165e+02	1.094298564210624027e-02
9.052631578947368780e+02	1.100682995499320527e-02
9.072681704260651259e+02	1.106902077754979598e-02
9.092731829573933737e+02	1.112952166198938851e-02
9.112781954887218490e+02	1.118829892955947036e-02
9.132832080200500968e+02	1.124532164783919631e-02
9.152882205513784584e+02	1.130056160465273650e-02
9.172932330827067062e+02	1.135399327877924247e-02
9.192982456140350678e+02	1.140559380763830725e-02
9.213032581453634293e+02	1.145534295212722979e-02
9.233082706766916772e+02	1.150322305878274595e-02
9.253132832080200387e+02	1.154921901943788826e-02
9.273182957393482866e+02	1.159331822854027874e-02
9.293233082706766481e+02	1.163551053829567361e-02
9.313283208020050097e+02	1.167578821179563256e-02
9.333333333333332575e+02	1.171414587428600516e-02
9.353383458646616191e+02	1.175058046272764271e-02
9.373433583959899806e+02	1.178509117379739242e-02
9.393483709273182285e+02	1.181767941047310276e-02
9.413533834586465900e+02	1.184834872734252115e-02
9.433583959899749516e+02	1.187710477477107833e-02
9.453634085213031994e+02	1.190395524205983650e-02
9.473684210526315610e+02	1.192890979972023764e-02
9.493734335839599225e+02	1.195198004098786161e-02
9.513784461152881704e+02	1.197317942269350913e-02
9.533834586466165320e+02	1.199252320560465802e-02
9.553884711779447798e+02	1.201002839434680940e-02
9.573934837092731414e+02	1.202571367700957204e-02
9.593984962406015029e+02	1.203959936453775220e-02
9.614035087719297508e+02	1.205170733000367374e-02
9.634085213032581123e+02	1.206206094785282519e-02
9.654135338345864739e+02	1.207068503321034360e-02
9.674185463659147217e+02	1.207760578133183597e-02
9.694235588972430833e+02	1.208285070727804257e-02
9.714285714285714448e+02	1.208644858588901402e-02
9.734335839598996927e+02	1.208842939212854441e-02
9.754385964912280542e+02	1.208882424186717187e-02
9.774436090225563021e+02	1.208766533316695674e-02
9.794486215538846636e+02	1.208498588812821108e-02
9.814536340852130252e+02	1.208082009535466073e-02
9.834586466165412730e+02	1.207520305308963302e-02
9.854636591478696346e+02	1.206817071307286077e-02
9.874686716791979961e+02	1.205975982516343040e-02
9.894736842105262440e+02	1.205000788277242434e-02
9.914786967418546055e+02	1.203895306914371834e-02
9.934837092731829671e+02	1.202663420452027704e-02
9.954887218045112149e+02	1.201309069422876880e-02
9.974937343358395765e+02	1.199836247771356515e-02
9.994987468671679380e+02	1.198248997854760647e-02
1.001503759398496186e+03	1.196551405544516583e-02
1.003508771929824547e+03	1.194747595429922898e-02
1.005513784461152795e+03	1.192841726126336703e-02
1.007518796992481157e+03	1.190837985689572470e-02
1.009523809523809518e+03	1.188740587138030491e-02
1.011528822055137766e+03	1.186553764083878720e-02
1.013533834586466128e+03	1.184281766474364408e-02
1.015538847117794489e+03	1.181928856444176140e-02
1.017543859649122737e+03	1.179499304279511829e-02
1.019548872180451099e+03	1.176997384494424086e-02
1.021553884711779460e+03	1.174427372019737521e-02
1.023558897243107708e+03	1.171793538504700867e-02
1.025563909774436070e+03	1.169100148731447644e-02
1.027568922305764318e+03	1.166351457142052357e-02
1.029573934837092565e+03	1.163551704477945245e-02
1.031578947368421041e+03	1.160705114531267353e-02
1.033583959899749289e+03	1.157815891007585307e-02
1.035588972431077764e+03	1.154888214499353791e-02
1.037593984962406012e+03	1.151926239569295470e-02
1.039598997493734259e+03	1.148934091942876989e-02
1.041604010025062507e+03	1.145915865808788507e-02
1.043609022556390983e+03	1.142875621226518111e-02
1.045614035087719230e+03	1.139817381639695280e-02
1.047619047619047706e+03	1.136745131494038864e-02
1.049624060150375954e+03	1.133662813958614436e-02
1.051629072681704201e+03	1.130574328748944028e-02
1.053634085213032449e+03	1.127483530050597642e-02
1.055639097744360697e+03	1.124394224541681170e-02
1.057644110275689172e+03	1.121310169512748818e-02
1.059649122807017648e+03	1.118235071082429588e-02
1.061654135338345895e+03	1.115172582507226520e-02
1.063659147869674143e+03	1.112126302583705054e-02
1.065664160401002391e+03	1.109099774141415924e-02
1.067669172932330639e+03	1.106096482624732182e-02
1.069674185463659114e+03	1.103119854761891276e-02
1.071679197994987589e+03	1.100173257319377734e-02
1.073684210526315837e+03	1.097259995939847861e-02
1.075689223057644085e+03	1.094383314061776226e-02
1.077694235588972333e+03	1.091546391918914866e-02
1.079699248120300581e+03	1.088752345617778269e-02
1.081704260651629056e+03	1.086004226291225130e-02
1.083709273182957304e+03	1.083305019326284355e-02
1.085714285714285779e+03	1.080657643664391029e-02
1.087719298245614027e+03	1.078064951172057889e-02
1.089724310776942275e+03	1.075529726080256925e-02
1.091729323308270523e+03	1.073054684490511515e-02
1.093734335839598998e+03	1.070642473945929152e-02
1.095739348370927246e+03	1.068295673065312867e-02
1.097744360902255721e+03	1.066016791238471283e-02
1.099749373433583969e+03	1.063808268380972075e-02
1.101754385964912217e+03	1.061672474746504571e-02
1.103759398496240465e+03	1.059611710795030012e-02
1.105764411027568940e+03	1.057628207114998282e-02
1.107769423558897188e+03	1.055724124397848171e-02
1.109774436090225663e+03	1.053901553463065105e-02
1.111779448621553911e+03	1.052162515332055043e-02
1.113784461152882159e+03	1.050508961349214815e-02
1.115789473684210407e+03	1.048942773348436434e-02
1.117794486215538655e+03	1.047465763863474064e-02
1.119799498746867130e+03	1.046079676380532765e-02
1.121804511278195605e+03	1.044786185631452202e-02
1.123809523809523853e+03	1.043586897925961182e-02
1.125814536340852101e+03	1.042483351521451135e-02
1.127819548872180349e+03	1.041477017028705557e-02
1.129824561403508596e+03	1.040569297852159125e-02
1.131829573934837072e+03	1.039761530663206243e-02
1.133834586466165320e+03	1.039054985905065939e-02
1.135839598997493795e+03	1.038450868327936254e-02
1.137844611528822043e+03	1.037950317552848063e-02
1.139849624060150290e+03	1.037554408663100662e-02
1.141854636591478538e+03	1.037264152821809789e-02
1.143859649122807014e+03	1.037080497914270524e-02
1.145864661654135261e+03	1.037004329213978178e-02
1.147869674185463737e+03	1.037036470070973326e-02
1.149874686716791985e+03	1.037177682621348747e-02
1.151879699248120232e+03	1.037428668516701159e-02
1.153884711779448480e+03	1.037790069672438024e-02
1.155889724310776955e+03	1.038262469033771236e-02
1.157894736842105203e+03	1.038846391358288351e-02
1.159899749373433679e+03	1.039542304014101984e-02
1.161904761904761926e+03	1.040350617792463496e-02
1.163909774436090174e+03	1.041271687733871278e-02
1.165914786967418422e+03	1.042305813966688637e-02
1.167919799498746670e+03	1.043453242557272447e-02
1.169924812030075145e+03	1.044714166370766008e-02
1.171929824561403620e+03	1.046088725941528470e-02
1.173934837092731868e+03	1.047577010352464255e-02
1.175939849624060116e+03	1.049179058122249111e-02
1.177944862155388364e+03	1.050894858099762560e-02
1.179949874686716612e+03	1.052724350364816694e-02
1.181954887218045087e+03	1.054667427134470259e-02
1.183959899749373335e+03	1.056723933674140470e-02
1.185964912280701810e+03	1.058893669212778929e-02
1.187969924812030058e+03	1.061176387861435810e-02
1.189974937343358306e+03	1.063571799534485107e-02
1.191979949874686554e+03	1.066079570872893560e-02
1.193984962406015029e+03	1.068699326168831738e-02
1.195989974937343277e+03	1.071430648291092982e-02
1.197994987468671752e+03	1.074273079610655983e-02
1.200000000000000000e+03	1.077226122925831718e-02
