4.000000000000000000e+02	6.013925906831739734e-03
4.020050125313283047e+02	6.264363348678225404e-03
4.040100250626566663e+02	6.524981361326315232e-03
4.060150375939849710e+02	6.792201036508265476e-03
4.080200501253132757e+02	7.062500484089092798e-03
4.100250626566415804e+02	7.332462723380178335e-03
4.120300751879699419e+02	7.598818288131414800e-03
4.140350877192982466e+02	7.858482343273810386e-03
4.160401002506265513e+02	8.108586227968362162e-03
4.180451127819549129e+02	8.346503444173291805e-03
4.200501253132832176e+02	8.569870202119583488e-03
4.220551378446115223e+02	8.776600713468344153e-03
4.240601503759398270e+02	8.964897489505080017e-03
4.260651629072681885e+02	9.133256955782789038e-03
4.280701754385964932e+02	9.280470736656517769e-03
4.300751879699247979e+02	9.405622993868359774e-03
4.320802005012531026e+02	9.508084223593485720e-03
4.340852130325814642e+02	9.587501927121357126e-03
4.360902255639097689e+02	9.643788572661238234e-03
4.380952380952380736e+02	9.677107260714933046e-03
4.401002506265664351e+02	9.687855494138416373e-03
4.421052631578947398e+02	9.676647437490065035e-03
4.441102756892230445e+02	9.644295029557541088e-03
4.461152882205514061e+02	9.591788289032919523e-03
4.481203007518797108e+02	9.520275127051199340e-03
4.501253132832080155e+02	9.431040952522106238e-03
4.521303258145363202e+02	9.325488327578825010e-03
4.541353383458646817e+02	9.205116901657130202e-03
4.561403508771929864e+02	9.071503824227321669e-03
4.581453634085212911e+02	8.926284808467480070e-03
4.601503759398495959e+02	8.771135991537495555e-03
4.621553884711779574e+02	8.607756711865267515e-03
4.641604010025062621e+02	8.437853300191025183e-03
4.661654135338345668e+02	8.263123959172389774e-03
4.681704260651629284e+02	8.085244786218448096e-03
4.701754385964912331e+02	7.905856975930743505e-03
4.721804511278195378e+02	7.726555222086890079e-03
4.741854636591478993e+02	7.548877324468030413e-03
4.761904761904762040e+02	7.374294992953144175e-03
4.781954887218045087e+02	7.204205830096651123e-03
4.802005012531328134e+02	7.039926463780801259e-03
4.822055137844611181e+02	6.882686793387634075e-03
4.842105263157894797e+02	6.733625306156441372e-03
4.862155388471177844e+02	6.593785414871098857e-03
4.882205513784460891e+02	6.464112763645481208e-03
4.902255639097744506e+02	6.345453445232681483e-03
4.922305764411027553e+02	6.238553070871802331e-03
4.942355889724310600e+02	6.144056632098952343e-03
4.962406015037594216e+02	6.062509093096208473e-03
4.982456140350877263e+02	5.994356651938773095e-03
5.002506265664160310e+02	5.939948609448657789e-03
5.022556390977443357e+02	5.899539785191352560e-03
5.042606516290726404e+02	5.873293421397157536e-03
5.062656641604010019e+02	5.861284517179823732e-03
5.082706766917293066e+02	5.863503537311189409e-03
5.102756892230576113e+02	5.879860441938522878e-03
5.122807017543859729e+02	5.910188985951192464e-03
5.142857142857142208e+02	5.954251239180648192e-03
5.162907268170425823e+02	6.011742281209628974e-03
5.182957393483709438e+02	6.082295027244493703e-03
5.203007518796991917e+02	6.165485144237684359e-03
5.223057644110275533e+02	6.260836019210841777e-03
5.243107769423559148e+02	6.367823744500527086e-03
5.263157894736841627e+02	6.485882087407903070e-03
5.283208020050125242e+02	6.614407414463754215e-03
5.303258145363408858e+02	6.752763543205827709e-03
5.323308270676691336e+02	6.900286496993722485e-03
5.343358395989974952e+02	7.056289140944638216e-03
5.363408521303258567e+02	7.220065679554293382e-03
5.383458646616541046e+02	7.390895998958142525e-03
5.403508771929824661e+02	7.568049839087544542e-03
5.423558897243108277e+02	7.750790783171493392e-03
5.443609022556390755e+02	7.938380054127235769e-03
5.463659147869674371e+02	8.130080109366461666e-03
5.483709273182957986e+02	8.325158027413459561e-03
5.503759398496240465e+02	8.522888681490552523e-03
5.523809523809524080e+02	8.722557696866584109e-03
5.543859649122806559e+02	8.923464190291486436e-03
5.563909774436090174e+02	9.124923291251184690e-03
5.583959899749372653e+02	9.326268446073478907e-03
5.604010025062656268e+02	9.526853507100850951e-03
5.624060150375939884e+02	9.726054610217887975e-03
5.644110275689222362e+02	9.923271844988347523e-03
5.664160401002505978e+02	1.011793072251563827e-02
5.684210526315789593e+02	1.030948344689978924e-02
5.704260651629072072e+02	1.049740999682501758e-02
5.724310776942355687e+02	1.068121902437836092e-02
5.744360902255639303e+02	1.086044857867824766e-02
5.764411027568921781e+02	1.103466666228439773e-02
5.784461152882205397e+02	1.120347162867333345e-02
5.804511278195489012e+02	1.136649242930123059e-02
5.824561403508771491e+02	1.152338871894387218e-02
5.844611528822055107e+02	1.167385082810481339e-02
5.864661654135338722e+02	1.181759961132547790e-02
5.884711779448621201e+02	1.195438618021714069e-02
5.904761904761904816e+02	1.208399152997157756e-02
5.924812030075188432e+02	1.220622606799735659e-02
5.944862155388470910e+02	1.232092905317943264e-02
5.964912280701754526e+02	1.242796795407330630e-02
5.984962406015038141e+02	1.252723773412582967e-02
6.005012531328320620e+02	1.261866007177130794e-02
6.025062656641604235e+02	1.270218252297955659e-02
6.045112781954886714e+02	1.277777763354484390e-02
6.065162907268170329e+02	1.284544200809945025e-02
6.085213032581452808e+02	1.290519534251584159e-02
6.105263157894736423e+02	1.295707942603499876e-02
6.125313283208020039e+02	1.300115711912233629e-02
6.145363408521302517e+02	1.303751131271462839e-02
6.165413533834586133e+02	1.306624387417977887e-02
6.185463659147869748e+02	1.308747458497204474e-02
6.205513784461152227e+02	1.310134007462687190e-02
6.225563909774435842e+02	1.310799275540665276e-02
6.245614035087719458e+02	1.310759976158162345e-02
6.265664160401001936e+02	1.310034189700912642e-02
6.285714285714285552e+02	1.308641259436440010e-02
6.305764411027569167e+02	1.306601688907249245e-02
6.325814536340851646e+02	1.303937041070090709e-02
6.345864661654135261e+02	1.300669839429086788e-02
6.365914786967418877e+02	1.296823471383717549e-02
6.385964912280701355e+02	1.292422093986990081e-02
6.406015037593984971e+02	1.287490542284690231e-02
6.426065162907268586e+02	1.282054240383432957e-02
6.446115288220551065e+02	1.276139115373437112e-02
6.466165413533834680e+02	1.269771514211247461e-02
6.486215538847118296e+02	1.262978123648342797e-02
6.506265664160400775e+02	1.255785893273466715e-02
6.526315789473684390e+02	1.248221961719670620e-02
6.546365914786966869e+02	1.240313586071369219e-02
6.566416040100250484e+02	1.232088074492281547e-02
6.586466165413532963e+02	1.223572722081728119e-02
6.606516290726817715e+02	1.214794749954545110e-02
6.626566416040100194e+02	1.205781247528669650e-02
6.646616541353382672e+02	1.196559117994301473e-02
6.666666666666666288e+02	1.187155026929270253e-02
6.686716791979949903e+02	1.177595354017049213e-02
6.706766917293232382e+02	1.167906147816393132e-02
6.726817042606515997e+02	1.158113083524947053e-02
6.746867167919799613e+02	1.148241423673571418e-02
6.766917293233082091e+02	1.138315981682780018e-02
6.786967418546365707e+02	1.128361088208639992e-02
6.807017543859649322e+02	1.118400560201470752e-02
6.827067669172931801e+02	1.108457672597816003e-02
6.847117794486215416e+02	1.098555132563413042e-02
6.867167919799499032e+02	1.088715056202979939e-02
6.887218045112781510e+02	1.078958947650953890e-02
6.907268170426065126e+02	1.069307680456384711e-02
6.927318295739348741e+02	1.059781481174285923e-02
6.947368421052631220e+02	1.050399915075501608e-02
6.967418546365914835e+02	1.041181873887150194e-02
6.987468671679198451e+02	1.032145565475984204e-02
7.007518796992480929e+02	1.023308505387588406e-02
7.027568922305763408e+02	1.014687510155134684e-02
7.047619047619048160e+02	1.006298692292553233e-02
7.067669172932330639e+02	9.981574568881134910e-03
7.087719298245613118e+02	9.902784997159000749e-03
7.107769423558897870e+02	9.826758067841674660e-03
7.127819548872180349e+02	9.753626552414247641e-03
7.147869674185462827e+02	9.683516155626492247e-03
7.167919799498746443e+02	9.616545549401960338e-03
7.187969924812030058e+02	9.552826418058357402e-03
7.208020050125312537e+02	9.492463514124312163e-03
7.228070175438596152e+02	9.435554724058331164e-03
7.248120300751879768e+02	9.382191143198357480e-03
7.268170426065162246e+02	9.332457159291084395e-03
7.288220551378445862e+02	9.286430543972080953e-03
7.308270676691729477e+02	9.244182551591198158e-03
7.328320802005011956e+02	9.205778024797522940e-03
7.348370927318295571e+02	9.171275506322342994e-03
7.368421052631579187e+02	9.140727356419511493e-03
7.388471177944861665e+02	9.114179875443143355e-03
7.408521303258145281e+02	9.091673431066290070e-03
7.428571428571428896e+02	9.073242589663504248e-03
7.448621553884711375e+02	9.058916251401571626e-03
7.468671679197994990e+02	9.048717788602589004e-03
7.488721804511278606e+02	9.042665186965314836e-03
7.508771929824561084e+02	9.040771189247199038e-03
7.528822055137844700e+02	9.043043441031859211e-03
7.548872180451128315e+02	9.049484638222891203e-03
7.568922305764410794e+02	9.060092675924277111e-03
7.588972431077693273e+02	9.074860798385467678e-03
7.609022556390978025e+02	9.093777749705260482e-03
7.629072681704260503e+02	9.116827925006242700e-03
7.649122807017542982e+02	9.143991521807373971e-03
7.669172932330826598e+02	9.175244691337633776e-03
7.689223057644110213e+02	9.210559689548989196e-03
7.709273182957392692e+02	9.249905027601850599e-03
7.729323308270676307e+02	9.293245621608879278e-03
7.749373433583959923e+02	9.340542941438777919e-03
7.769423558897242401e+02	9.391755158392691219e-03
7.789473684210526017e+02	9.446837291579161452e-03
7.809523809523809632e+02	9.505741352826479681e-03
7.829573934837092111e+02	9.568416489981529036e-03
7.849624060150375726e+02	9.634809128456081964e-03
7.869674185463659342e+02	9.704863110892462952e-03
7.889724310776941820e+02	9.778519834829527829e-03
7.909774436090225436e+02	9.855718388261894281e-03
7.929824561403509051e+02	9.936395682992248471e-03
7.949874686716791530e+02	1.002048658568715014e-02
7.969924812030075145e+02	1.010792404655510603e-02
7.989974937343358761e+02	1.019863922557342518e-02
8.010025062656641239e+02	1.029256161619801491e-02
8.030075187969924855e+02	1.038961916649949399e-02
8.050125313283208470e+02	1.048973839767263980e-02
8.070175438596490949e+02	1.059284451987690251e-02
8.090225563909773427e+02	1.069886154536926932e-02
8.110275689223058180e+02	1.080771239889759781e-02
8.130325814536340658e+02	1.091931902532947488e-02
8.150375939849623137e+02	1.103360249449524683e-02
8.170426065162906752e+02	1.115048310323030548e-02
8.190476190476190368e+02	1.126988047460622880e-02
8.210526315789472847e+02	1.139171365434552170e-02
8.230576441102756462e+02	1.151590120441778851e-02
8.250626566416040077e+02	1.164236129382070252e-02
8.270676691729322556e+02	1.177101178655244780e-02
8.290726817042606172e+02	1.190177032678552821e-02
8.310776942355889787e+02	1.203455442125597394e-02
8.330827067669172266e+02	1.216928151888498760e-02
8.350877192982455881e+02	1.230586908765277099e-02
8.370927318295739497e+02	1.244423468874716193e-02
8.390977443609021975e+02	1.258429604801270495e-02
8.411027568922305591e+02	1.272597112472811064e-02
8.431077694235589206e+02	1.286917817774126636e-02
8.451127819548871685e+02	1.301383582899518464e-02
8.471177944862155300e+02	1.315986312447784204e-02
8.491228070175438916e+02	1.330717959263252523e-02
8.511278195488721394e+02	1.345570530026556078e-02
8.531328320802005010e+02	1.360536090599078277e-02
8.551378446115288625e+02	1.375606771125078946e-02
8.571428571428571104e+02	1.390774770895672821e-02
8.591478696741853582e+02	1.406032362978856462e-02
8.611528822055138335e+02	1.421371898620065778e-02
8.631578947368420813e+02	1.436785811417563841e-02
8.651629072681703292e+02	1.452266621277281677e-02
8.671679197994988044e+02	1.467806938151680965e-02
8.691729323308270523e+02	1.483399465567216725e-02
8.711779448621553001e+02	1.499037003945181794e-02
8.731829573934836617e+02	1.514712453720620106e-02
8.751879699248120232e+02	1.530418818264010945e-02
8.771929824561402711e+02	1.546149206610629954e-02
8.791979949874686326e+02	1.561896836002231795e-02
8.812030075187969942e+02	1.577655034245989060e-02
8.832080200501252421e+02	1.593417241895389580e-02
8.852130325814536036e+02	1.609177014257943614e-02
8.872180451127819651e+02	1.624928023234457203e-02
8.892230576441102130e+02	1.640664058994664720e-02
8.912280701754385746e+02	1.656379031493910789e-02
8.932330827067669361e+02	1.672066971835693000e-02
8.952380952380951840e+02	1.687722033484610404e-02
8.972431077694235455e+02	1.703338493334505960e-02
8.992481203007519071e+02	1.718910752636336470e-02
9.012531328320801549e+02	1.734433337790284441e-02
9.032581453634085165e+02	1.749900901006765097e-02
9.052631578947368780e+02	1.765308220840606374e-02
9.072681704260651259e+02	1.780650202603005147e-02
9.092731829573933737e+02	1.795921878655414028e-02
9.112781954887218490e+02	1.811118408589806536e-02
9.132832080200500968e+02	1.826235079299444800e-02
9.152882205513784584e+02	1.841267304944372782e-02
9.172932330827067062e+02	1.856210626815677292e-02
9.192982456140350678e+02	1.871060713102565276e-02
9.213032581453634293e+02	1.885813358566272926e-02
9.233082706766916772e+02	1.900464484124557429e-02
9.253132832080200387e+02	1.915010136350716805e-02
9.273182957393482866e+02	1.929446486890788390e-02
9.293233082706766481e+02	1.943769831802650769e-02
9.313283208020050097e+02	1.957976590820547161e-02
9.333333333333332575e+02	1.972063306548606579e-02
9.353383458646616191e+02	1.986026643586772528e-02
9.373433583959899806e+02	1.999863387592483444e-02
9.393483709273182285e+02	2.013570444281377603e-02
9.413533834586465900e+02	2.027144838370287944e-02
9.433583959899749516e+02	2.040583712465551466e-02
9.453634085213031994e+02	2.053884325899765773e-02
9.473684210526315610e+02	2.067044053519928246e-02
9.493734335839599225e+02	2.080060384429807327e-02
9.513784461152881704e+02	2.092930920689450511e-02
9.533834586466165320e+02	2.105653375974489427e-02
9.553884711779447798e+02	2.118225574197928063e-02
9.573934837092731414e+02	2.130645448097002667e-02
9.593984962406015029e+02	2.142911037787625927e-02
9.614035087719297508e+02	2.155020489288855812e-02
9.634085213032581123e+02	2.166972053019711880e-02
9.654135338345864739e+02	2.178764082270672614e-02
9.674185463659147217e+02	2.190395031652074206e-02
9.694235588972430833e+02	2.201863455521528914e-02
9.714285714285714448e+02	2.213168006392390863e-02
9.734335839598996927e+02	2.224307433325447420e-02
9.754385964912280542e+02	2.235280580305563231e-02
9.774436090225563021e+02	2.246086384605252076e-02
9.794486215538846636e+02	2.256723875137044144e-02
9.814536340852130252e+02	2.267192170796219694e-02
9.834586466165412730e+02	2.277490478795754156e-02
9.854636591478696346e+02	2.287618092994993940e-02
9.874686716791979961e+02	2.297574392223573209e-02
9.894736842105262440e+02	2.307358838602263998e-02
9.914786967418546055e+02	2.316970975861882762e-02
9.934837092731829671e+02	2.326410427661903743e-02
9.954887218045112149e+02	2.335676895909965037e-02
9.974937343358395765e+02	2.344770159083499686e-02
9.994987468671679380e+02	2.353690070554803615e-02
1.001503759398496186e+03	2.362436556920607597e-02
1.003508771929824547e+03	2.371009616337261747e-02
1.005513784461152795e+03	2.379409316862635820e-02
1.007518796992481157e+03	2.387635794805704342e-02
1.009523809523809518e+03	2.395689253084692591e-02
1.011528822055137766e+03	2.403569959594889158e-02
1.013533834586466128e+03	2.411278245586715580e-02
1.015538847117794489e+03	2.418814504055108797e-02
1.017543859649122737e+03	2.426179188140872162e-02
1.019548872180451099e+03	2.433372809544675705e-02
1.021553884711779460e+03	2.440395936954533121e-02
1.023558897243107708e+03	2.447249194487296012e-02
1.025563909774436070e+03	2.453933260144770118e-02
1.027568922305764318e+03	2.460448864285165113e-02
1.029573934837092565e+03	2.466796788110164201e-02
1.031578947368421041e+03	2.472977862168378518e-02
1.033583959899749289e+03	2.478992964875476740e-02
1.035588972431077764e+03	2.484843021051470410e-02
1.037593984962406012e+03	2.490529000475612612e-02
1.039598997493734259e+03	2.496051916459181286e-02
1.041604010025062507e+03	2.501412824436521215e-02
1.043609022556390983e+03	2.506612820574738096e-02
1.045614035087719230e+03	2.511653040402230669e-02
1.047619047619047706e+03	2.516534657456248950e-02
1.049624060150375954e+03	2.521258881950006261e-02
1.051629072681704201e+03	2.525826959459127191e-02
1.053634085213032449e+03	2.530240169628018496e-02
1.055639097744360697e+03	2.534499824896003020e-02
1.057644110275689172e+03	2.538607269243547265e-02
1.059649122807017648e+03	2.542563876958625971e-02
1.061654135338345895e+03	2.546371051423339943e-02
1.063659147869674143e+03	2.550030223920793718e-02
1.065664160401002391e+03	2.553542852462414858e-02
1.067669172932330639e+03	2.556910420635597966e-02
1.069674185463659114e+03	2.560134436471826411e-02
1.071679197994987589e+03	2.563216431335247833e-02
1.073684210526315837e+03	2.566157958831532734e-02
1.075689223057644085e+03	2.568960593737290923e-02
1.077694235588972333e+03	2.571625930949702349e-02
1.079699248120300581e+03	2.574155584456500750e-02
1.081704260651629056e+03	2.576551186326112020e-02
1.083709273182957304e+03	2.578814385718021518e-02
1.085714285714285779e+03	2.580946847913073369e-02
1.087719298245614027e+03	2.582950253363824195e-02
1.089724310776942275e+03	2.584826296764606776e-02
1.091729323308270523e+03	2.586576686141375467e-02
1.093734335839598998e+03	2.588203141961029075e-02
1.095739348370927246e+03	2.589707396260245570e-02
1.097744360902255721e+03	2.591091191793535795e-02
1.099749373433583969e+03	2.592356281200373577e-02
1.101754385964912217e+03	2.593504426191277010e-02
1.103759398496240465e+03	2.594537396752748248e-02
1.105764411027568940e+03	2.595456970370608324e-02
1.107769423558897188e+03	2.596264931271914655e-02
1.109774436090225663e+03	2.596963069684942935e-02
1.111779448621553911e+03	2.597553181117250032e-02
1.113784461152882159e+03	2.598037065651502553e-02
1.115789473684210407e+03	2.598416527258937819e-02
1.117794486215538655e+03	2.598693373130121775e-02
1.119799498746867130e+03	2.598869413022974334e-02
1.121804511278195605e+03	2.598946458627696826e-02
1.123809523809523853e+03	2.598926322948379858e-02
1.125814536340852101e+03	2.598810819701199634e-02
1.127819548872180349e+03	2.598601762728868989e-02
1.129824561403508596e+03	2.598300965431043011e-02
1.131829573934837072e+03	2.597910240210666438e-02
1.133834586466165320e+03	2.597431397935832248e-02
1.135839598997493795e+03	2.596866247416995677e-02
1.137844611528822043e+03	2.596216594899314334e-02
1.139849624060150290e+03	2.595484243569876059e-02
1.141854636591478538e+03	2.594670993079514418e-02
1.143859649122807014e+03	2.593778639079132725e-02
1.145864661654135261e+03	2.592808972770042561e-02
1.147869674185463737e+03	2.591763780468414602e-02
1.149874686716791985e+03	2.590644843183256482e-02
1.151879699248120232e+03	2.589453936207961049e-02
1.153884711779448480e+03	2.588192828725004516e-02
1.155889724310776955e+03	2.586863283423680368e-02
1.157894736842105203e+03	2.585467056130537691e-02
1.159899749373433679e+03	2.584005895452384446e-02
1.161904761904761926e+03	2.582481542431538935e-02
1.163909774436090174e+03	2.580895730213113998e-02
1.165914786967418422e+03	2.579250183724200035e-02
1.167919799498746670e+03	2.577546619364551317e-02
1.169924812030075145e+03	2.575786744708688861e-02
1.171929824561403620e+03	2.573972258219148559e-02
1.173934837092731868e+03	2.572104848970627883e-02
1.175939849624060116e+03	2.570186196384828536e-02
1.177944862155388364e+03	2.568217969975757423e-02
1.179949874686716612e+03	2.566201829105339144e-02
1.181954887218045087e+03	2.564139422749013922e-02
1.183959899749373335e+03	2.562032389271183541e-02
1.185964912280701810e+03	2.559882356210277723e-02
1.187969924812030058e+03	2.557690940073234845e-02
1.189974937343358306e+03	2.555459746139148933e-02
1.191979949874686554e+03	2.553190368271972266e-02
1.193984962406015029e+03	2.550884388741918654e-02
1.195989974937343277e+03	2.548543378055586131e-02
1.197994987468671752e+03	2.546168894794348034e-02
1.200000000000000000e+03	2.543762485461025999e-02
