4.000000000000000000e+02	7.437320699467064866e-03
4.020050125313283047e+02	7.522757766299539156e-03
4.040100250626566663e+02	7.618922945590736115e-03
4.060150375939849710e+02	7.725210100629822767e-03
4.080200501253132757e+02	7.840956308811881936e-03
4.100250626566415804e+02	7.965450305748664889e-03
4.120300751879699419e+02	8.097940758146763771e-03
4.140350877192982466e+02	8.237644302546438119e-03
4.160401002506265513e+02	8.383753295621560950e-03
4.180451127819549129e+02	8.535443229961149278e-03
4.200501253132832176e+02	8.691879777046157898e-03
4.220551378446115223e+02	8.852225426468726677e-03
4.240601503759398270e+02	9.015645697291059177e-03
4.260651629072681885e+02	9.181314903792993018e-03
4.280701754385964932e+02	9.348421463703116691e-03
4.300751879699247979e+02	9.516172742346959770e-03
4.320802005012531026e+02	9.683799430979536660e-03
4.340852130325814642e+02	9.850559461907886991e-03
4.360902255639097689e+02	1.001574146686523212e-02
4.380952380952380736e+02	1.017866778848629770e-02
4.401002506265664351e+02	1.033869705767388042e-02
4.421052631578947398e+02	1.049522635215952883e-02
4.441102756892230445e+02	1.064769295366982046e-02
4.461152882205514061e+02	1.079557572283990421e-02
4.481203007518797108e+02	1.093839611239025636e-02
4.501253132832080155e+02	1.107571884013017205e-02
4.521303258145363202e+02	1.120715224409679980e-02
4.541353383458646817e+02	1.133234834260939995e-02
4.561403508771929864e+02	1.145100262223783597e-02
4.581453634085212911e+02	1.156285357668523570e-02
4.601503759398495959e+02	1.166768201938021311e-02
4.621553884711779574e+02	1.176531019220166709e-02
4.641604010025062621e+02	1.185560069223017682e-02
4.661654135338345668e+02	1.193845523776522477e-02
4.681704260651629284e+02	1.201381329407949679e-02
4.701754385964912331e+02	1.208165057852830966e-02
4.721804511278195378e+02	1.214197746370171242e-02
4.741854636591478993e+02	1.219483729632602799e-02
4.761904761904762040e+02	1.224030464859603498e-02
4.781954887218045087e+02	1.227848351756884518e-02
4.802005012531328134e+02	1.230950548718608671e-02
4.822055137844611181e+02	1.233352786642136732e-02
4.842105263157894797e+02	1.235073181598845757e-02
4.862155388471177844e+02	1.236132047499731261e-02
4.882205513784460891e+02	1.236551709792054615e-02
4.902255639097744506e+02	1.236356321123379710e-02
4.922305764411027553e+02	1.235571679813175436e-02
4.942355889724310600e+02	1.234225051879302842e-02
4.962406015037594216e+02	1.232344997278451981e-02
4.982456140350877263e+02	1.229961200935184018e-02
5.002506265664160310e+02	1.227104309054927699e-02
5.022556390977443357e+02	1.223805771141134487e-02
5.042606516290726404e+02	1.220097688066810147e-02
5.062656641604010019e+02	1.216012666485216318e-02
5.082706766917293066e+02	1.211583679803760263e-02
5.102756892230576113e+02	1.206843935889240563e-02
5.122807017543859729e+02	1.201826751621101579e-02
5.142857142857142208e+02	1.196565434362339801e-02
5.162907268170425823e+02	1.191093170374976119e-02
5.182957393483709438e+02	1.185442920168485424e-02
5.203007518796991917e+02	1.179647320734727306e-02
5.223057644110275533e+02	1.173738594592209535e-02
5.243107769423559148e+02	1.167748465534889334e-02
5.263157894736841627e+02	1.161708080956829446e-02
5.283208020050125242e+02	1.155647940602997151e-02
5.303258145363408858e+02	1.149597831578496460e-02
5.323308270676691336e+02	1.143586769433264060e-02
5.343358395989974952e+02	1.137642945126408900e-02
5.363408521303258567e+02	1.131793677663981215e-02
5.383458646616541046e+02	1.126065372195596097e-02
5.403508771929824661e+02	1.120483483348959884e-02
5.423558897243108277e+02	1.115072483576786365e-02
5.443609022556390755e+02	1.109855836287501098e-02
5.463659147869674371e+02	1.104855973529722708e-02
5.483709273182957986e+02	1.100094278000141729e-02
5.503759398496240465e+02	1.095591069145428371e-02
5.523809523809524080e+02	1.091365593130723920e-02
5.543859649122806559e+02	1.087436016450086564e-02
5.563909774436090174e+02	1.083819422957985751e-02
5.583959899749372653e+02	1.080531814105210875e-02
5.604010025062656268e+02	1.077588112167547803e-02
5.624060150375939884e+02	1.075002166260917782e-02
5.644110275689222362e+02	1.072786760942608456e-02
5.664160401002505978e+02	1.070953627204356516e-02
5.684210526315789593e+02	1.069513455669467844e-02
5.704260651629072072e+02	1.068475911812950124e-02
5.724310776942355687e+02	1.067849653030290488e-02
5.744360902255639303e+02	1.067642347387560628e-02
5.764411027568921781e+02	1.067860693892480790e-02
5.784461152882205397e+02	1.068510444133082861e-02
5.804511278195489012e+02	1.069596425137570375e-02
5.824561403508771491e+02	1.071122563315991469e-02
5.844611528822055107e+02	1.073091909351125452e-02
5.864661654135338722e+02	1.075506663912824228e-02
5.884711779448621201e+02	1.078368204076661854e-02
5.904761904761904816e+02	1.081677110334227677e-02
5.924812030075188432e+02	1.085433194088946014e-02
5.944862155388470910e+02	1.089635525537137155e-02
5.964912280701754526e+02	1.094282461840517459e-02
5.984962406015038141e+02	1.099371675501842859e-02
6.005012531328320620e+02	1.104900182861108700e-02
6.025062656641604235e+02	1.110864372635422814e-02
6.045112781954886714e+02	1.117260034430614737e-02
6.065162907268170329e+02	1.124082387157840889e-02
6.085213032581452808e+02	1.131326107293505363e-02
6.105263157894736423e+02	1.138985356925151758e-02
6.125313283208020039e+02	1.147053811530717067e-02
6.145363408521302517e+02	1.155524687442740020e-02
6.165413533834586133e+02	1.164390768953204452e-02
6.185463659147869748e+02	1.173644435018555629e-02
6.205513784461152227e+02	1.183277685528317212e-02
6.225563909774435842e+02	1.193282167103986574e-02
6.245614035087719458e+02	1.203649198398567058e-02
6.265664160401001936e+02	1.214369794870019843e-02
6.285714285714285552e+02	1.225434693005076660e-02
6.305764411027569167e+02	1.236834373972682706e-02
6.325814536340851646e+02	1.248559086689029866e-02
6.345864661654135261e+02	1.260598870278647511e-02
6.365914786967418877e+02	1.272943575918518769e-02
6.385964912280701355e+02	1.285582888054302188e-02
6.406015037593984971e+02	1.298506344980048487e-02
6.426065162907268586e+02	1.311703358774543408e-02
6.446115288220551065e+02	1.325163234589515904e-02
6.466165413533834680e+02	1.338875189286553927e-02
6.486215538847118296e+02	1.352828369421164856e-02
6.506265664160400775e+02	1.367011868574071094e-02
6.526315789473684390e+02	1.381414744031102607e-02
6.546365914786966869e+02	1.396026032814385101e-02
6.566416040100250484e+02	1.410834767068828294e-02
6.586466165413532963e+02	1.425829988808850930e-02
6.606516290726817715e+02	1.441000764031477761e-02
6.626566416040100194e+02	1.456336196202763326e-02
6.646616541353382672e+02	1.471825439125489833e-02
6.666666666666666288e+02	1.487457709196676747e-02
6.686716791979949903e+02	1.503222297064348359e-02
6.706766917293232382e+02	1.519108578693559482e-02
6.726817042606515997e+02	1.535106025852240284e-02
6.746867167919799613e+02	1.551204216027985902e-02
6.766917293233082091e+02	1.567392841787344088e-02
6.786967418546365707e+02	1.583661719589615074e-02
6.807017543859649322e+02	1.600000798067396576e-02
6.827067669172931801e+02	1.616400165786591875e-02
6.847117794486215416e+02	1.632850058498746398e-02
6.867167919799499032e+02	1.649340865898746289e-02
6.887218045112781510e+02	1.665863137901223839e-02
6.907268170426065126e+02	1.682407590449053192e-02
6.927318295739348741e+02	1.698965110867426201e-02
6.947368421052631220e+02	1.715526762777075734e-02
6.967418546365914835e+02	1.732083790580291743e-02
6.987468671679198451e+02	1.748627623533280037e-02
7.007518796992480929e+02	1.765149879418463283e-02
7.027568922305763408e+02	1.781642367830315113e-02
7.047619047619048160e+02	1.798097093088107251e-02
7.067669172932330639e+02	1.814506256789000932e-02
7.087719298245613118e+02	1.830862260014683163e-02
7.107769423558897870e+02	1.847157705204787934e-02
7.127819548872180349e+02	1.863385397709886593e-02
7.147869674185462827e+02	1.879538347037067181e-02
7.167919799498746443e+02	1.895609767800581283e-02
7.187969924812030058e+02	1.911593080390045288e-02
7.208020050125312537e+02	1.927481911368494893e-02
7.228070175438596152e+02	1.943270093612202778e-02
7.248120300751879768e+02	1.958951666204107253e-02
7.268170426065162246e+02	1.974520874092510619e-02
7.288220551378445862e+02	1.989972167526185901e-02
7.308270676691729477e+02	2.005300201277140579e-02
7.328320802005011956e+02	2.020499833661799222e-02
7.348370927318295571e+02	2.035566125371214910e-02
7.368421052631579187e+02	2.050494338120558216e-02
7.388471177944861665e+02	2.065279933128017636e-02
7.408521303258145281e+02	2.079918569432899836e-02
7.428571428571428896e+02	2.094406102062382549e-02
7.448621553884711375e+02	2.108738580056275513e-02
7.468671679197994990e+02	2.122912244358705208e-02
7.488721804511278606e+02	2.136923525585488620e-02
7.508771929824561084e+02	2.150769041675615334e-02
7.528822055137844700e+02	2.164445595435128544e-02
7.548872180451128315e+02	2.177950171981160241e-02
7.568922305764410794e+02	2.191279936093958047e-02
7.588972431077693273e+02	2.204432229484181924e-02
7.609022556390978025e+02	2.217404567982719094e-02
7.629072681704260503e+02	2.230194638659758338e-02
7.649122807017542982e+02	2.242800296880021957e-02
7.669172932330826598e+02	2.255219563300207147e-02
7.689223057644110213e+02	2.267450620815040022e-02
7.709273182957392692e+02	2.279491811457807007e-02
7.729323308270676307e+02	2.291341633260886301e-02
7.749373433583959923e+02	2.302998737081934574e-02
7.769423558897242401e+02	2.314461923400734991e-02
7.789473684210526017e+02	2.325730139091801776e-02
7.809523809523809632e+02	2.336802474177523958e-02
7.829573934837092111e+02	2.347678158566299245e-02
7.849624060150375726e+02	2.358356558780118697e-02
7.869674185463659342e+02	2.368837174675650012e-02
7.889724310776941820e+02	2.379119636162795037e-02
7.909774436090225436e+02	2.389203699924499769e-02
7.929824561403509051e+02	2.399089246141305337e-02
7.949874686716791530e+02	2.408776275224054284e-02
7.969924812030075145e+02	2.418264904557973147e-02
7.989974937343358761e+02	2.427555365261060277e-02
8.010025062656641239e+02	2.436647998959749414e-02
8.030075187969924855e+02	2.445543254584408438e-02
8.050125313283208470e+02	2.454241685187391608e-02
8.070175438596490949e+02	2.462743944785732511e-02
8.090225563909773427e+02	2.471050785231005895e-02
8.110275689223058180e+02	2.479163053108265902e-02
8.130325814536340658e+02	2.487081686666039321e-02
8.150375939849623137e+02	2.494807712779213357e-02
8.170426065162906752e+02	2.502342243946470424e-02
8.190476190476190368e+02	2.509686475323837096e-02
8.210526315789472847e+02	2.516841681795779426e-02
8.230576441102756462e+02	2.523809215085221977e-02
8.250626566416040077e+02	2.530590500903542872e-02
8.270676691729322556e+02	2.537187036141898624e-02
8.290726817042606172e+02	2.543600386104597627e-02
8.310776942355889787e+02	2.549832181785683868e-02
8.330827067669172266e+02	2.555884117189313395e-02
8.350877192982455881e+02	2.561757946694849172e-02
8.370927318295739497e+02	2.567455482467136119e-02
8.390977443609021975e+02	2.572978591912599908e-02
8.411027568922305591e+02	2.578329195181656291e-02
8.431077694235589206e+02	2.583509262717676933e-02
8.451127819548871685e+02	2.588520812853060613e-02
8.471177944862155300e+02	2.593365909452517021e-02
8.491228070175438916e+02	2.598046659603723413e-02
8.511278195488721394e+02	2.602565211355637939e-02
8.531328320802005010e+02	2.606923751504379091e-02
8.551378446115288625e+02	2.611124503426784371e-02
8.571428571428571104e+02	2.615169724961578790e-02
8.591478696741853582e+02	2.619061706338048079e-02
8.611528822055138335e+02	2.622802768152104544e-02
8.631578947368420813e+02	2.626395259389582848e-02
8.651629072681703292e+02	2.629841555496479494e-02
8.671679197994988044e+02	2.633144056495979879e-02
8.691729323308270523e+02	2.636305185151848265e-02
8.711779448621553001e+02	2.639327385177935026e-02
8.731829573934836617e+02	2.642213119493479895e-02
8.751879699248120232e+02	2.644964868523630441e-02
8.771929824561402711e+02	2.647585128544992575e-02
8.791979949874686326e+02	2.650076410075625707e-02
8.812030075187969942e+02	2.652441236308943073e-02
8.832080200501252421e+02	2.654682141591226466e-02
8.852130325814536036e+02	2.656801669942092381e-02
8.872180451127819651e+02	2.658802373617353415e-02
8.892230576441102130e+02	2.660686811713880093e-02
8.912280701754385746e+02	2.662457548815690828e-02
8.932330827067669361e+02	2.664117153680872763e-02
8.952380952380951840e+02	2.665668197968597275e-02
8.972431077694235455e+02	2.667113255005743380e-02
8.992481203007519071e+02	2.668454898592435495e-02
9.012531328320801549e+02	2.669695701845824568e-02
9.032581453634085165e+02	2.670838236081703870e-02
9.052631578947368780e+02	2.671885069732965814e-02
9.072681704260651259e+02	2.672838767304642690e-02
9.092731829573933737e+02	2.673701888364532139e-02
9.112781954887218490e+02	2.674476986569045839e-02
9.132832080200500968e+02	2.675166608723400855e-02
9.152882205513784584e+02	2.675773293875659264e-02
9.172932330827067062e+02	2.676299572443815999e-02
9.192982456140350678e+02	2.676747965375437383e-02
9.213032581453634293e+02	2.677120983339068352e-02
9.233082706766916772e+02	2.677421125946728361e-02
9.253132832080200387e+02	2.677650881007019937e-02
9.273182957393482866e+02	2.677812723807987405e-02
9.293233082706766481e+02	2.677909116429246297e-02
9.313283208020050097e+02	2.677942507082560486e-02
9.333333333333332575e+02	2.677915329480443085e-02
9.353383458646616191e+02	2.677830002231952264e-02
9.373433583959899806e+02	2.677688928265143167e-02
9.393483709273182285e+02	2.677494494275538262e-02
9.413533834586465900e+02	2.677249070200022479e-02
9.433583959899749516e+02	2.676955008715447420e-02
9.453634085213031994e+02	2.676614644761479006e-02
9.473684210526315610e+02	2.676230295086942657e-02
9.493734335839599225e+02	2.675804257819239251e-02
9.513784461152881704e+02	2.675338812056056795e-02
9.533834586466165320e+02	2.674836217478915312e-02
9.553884711779447798e+02	2.674298713988018314e-02
9.573934837092731414e+02	2.673728521357667323e-02
9.593984962406015029e+02	2.673127838911886628e-02
9.614035087719297508e+02	2.672498845219591426e-02
9.634085213032581123e+02	2.671843697808731072e-02
9.654135338345864739e+02	2.671164532899047289e-02
9.674185463659147217e+02	2.670463465152707327e-02
9.694235588972430833e+02	2.669742587442467535e-02
9.714285714285714448e+02	2.669003970636754652e-02
9.734335839598996927e+02	2.668249663401247099e-02
9.754385964912280542e+02	2.667481692016401146e-02
9.774436090225563021e+02	2.666702060210513620e-02
9.794486215538846636e+02	2.665912749007786145e-02
9.814536340852130252e+02	2.665115716590959333e-02
9.834586466165412730e+02	2.664312898178080105e-02
9.854636591478696346e+02	2.663506205912942459e-02
9.874686716791979961e+02	2.662697528768701027e-02
9.894736842105262440e+02	2.661888732464445101e-02
9.914786967418546055e+02	2.661081659394013213e-02
9.934837092731829671e+02	2.660278128566868211e-02
9.954887218045112149e+02	2.659479935560583527e-02
9.974937343358395765e+02	2.658688852484487192e-02
9.994987468671679380e+02	2.657906627954107967e-02
1.001503759398496186e+03	2.657134987076128357e-02
1.003508771929824547e+03	2.656375631443360502e-02
1.005513784461152795e+03	2.655630239139430970e-02
1.007518796992481157e+03	2.654900464752882328e-02
1.009523809523809518e+03	2.654187939400286592e-02
1.011528822055137766e+03	2.653494270758011142e-02
1.013533834586466128e+03	2.652821043102407753e-02
1.015538847117794489e+03	2.652169817358054904e-02
1.017543859649122737e+03	2.651542131153695678e-02
1.019548872180451099e+03	2.650939498885626633e-02
1.021553884711779460e+03	2.650363411788312501e-02
1.023558897243107708e+03	2.649815338011757976e-02
1.025563909774436070e+03	2.649296722705490881e-02
1.027568922305764318e+03	2.648808988108873955e-02
1.029573934837092565e+03	2.648353533647461455e-02
1.031578947368421041e+03	2.647931736035088329e-02
1.033583959899749289e+03	2.647544949381548315e-02
1.035588972431077764e+03	2.647194505305524442e-02
1.037593984962406012e+03	2.646881713052567919e-02
1.039598997493734259e+03	2.646607859617924885e-02
1.041604010025062507e+03	2.646374209873880376e-02
1.043609022556390983e+03	2.646182006701567474e-02
1.045614035087719230e+03	2.646032471126864155e-02
1.047619047619047706e+03	2.645926802460238370e-02
1.049624060150375954e+03	2.645866178440405003e-02
1.051629072681704201e+03	2.645851755381472409e-02
1.053634085213032449e+03	2.645884668323465749e-02
1.055639097744360697e+03	2.645966031186044662e-02
1.057644110275689172e+03	2.646096936925211238e-02
1.059649122807017648e+03	2.646278457692849070e-02
1.061654135338345895e+03	2.646511644998903595e-02
1.063659147869674143e+03	2.646797529876071878e-02
1.065664160401002391e+03	2.647137123046842955e-02
1.067669172932330639e+03	2.647531415092675353e-02
1.069674185463659114e+03	2.647981376625249336e-02
1.071679197994987589e+03	2.648487958459616598e-02
1.073684210526315837e+03	2.649052091789028118e-02
1.075689223057644085e+03	2.649674688361490157e-02
1.077694235588972333e+03	2.650356640657717394e-02
1.079699248120300581e+03	2.651098822070473496e-02
1.081704260651629056e+03	2.651902087085146811e-02
1.083709273182957304e+03	2.652767271461470636e-02
1.085714285714285779e+03	2.653695192416204510e-02
1.087719298245614027e+03	2.654686648806733884e-02
1.089724310776942275e+03	2.655742421315479551e-02
1.091729323308270523e+03	2.656863272634924986e-02
1.093734335839598998e+03	2.658049947653313982e-02
1.095739348370927246e+03	2.659303173640786486e-02
1.097744360902255721e+03	2.660623660435917220e-02
1.099749373433583969e+03	2.662012100632581493e-02
1.101754385964912217e+03	2.663469169767041303e-02
1.103759398496240465e+03	2.664995526505147330e-02
1.105764411027568940e+03	2.666591812829602684e-02
1.107769423558897188e+03	2.668258654227319282e-02
1.109774436090225663e+03	2.669996659876488695e-02
1.111779448621553911e+03	2.671806422833658198e-02
1.113784461152882159e+03	2.673688520220522669e-02
1.115789473684210407e+03	2.675643513410408403e-02
1.117794486215538655e+03	2.677671948214394373e-02
1.119799498746867130e+03	2.679774355067108399e-02
1.121804511278195605e+03	2.681951249211903324e-02
1.123809523809523853e+03	2.684203130885627273e-02
1.125814536340852101e+03	2.686530485502731588e-02
1.127819548872180349e+03	2.688933783838851066e-02
1.129824561403508596e+03	2.691413482213534172e-02
1.131829573934837072e+03	2.693970022672396644e-02
1.133834586466165320e+03	2.696603833168460113e-02
1.135839598997493795e+03	2.699315327742637591e-02
1.137844611528822043e+03	2.702104906703377968e-02
1.139849624060150290e+03	2.704972956805485815e-02
1.141854636591478538e+03	2.707919851427906602e-02
1.143859649122807014e+03	2.710945950750586614e-02
1.145864661654135261e+03	2.714051601930374258e-02
1.147869674185463737e+03	2.717237139275867699e-02
1.149874686716791985e+03	2.720502884421135623e-02
1.151879699248120232e+03	2.723849146498461687e-02
1.153884711779448480e+03	2.727276222309900355e-02
1.155889724310776955e+03	2.730784396497727695e-02
1.157894736842105203e+03	2.734373941713654291e-02
1.159899749373433679e+03	2.738045118787001131e-02
1.161904761904761926e+03	2.741798176891499170e-02
1.163909774436090174e+03	2.745633353710963398e-02
1.165914786967418422e+03	2.749550875603704037e-02
1.167919799498746670e+03	2.753550957765654034e-02
1.169924812030075145e+03	2.757633804392197602e-02
1.171929824561403620e+03	2.761799608838781672e-02
1.173934837092731868e+03	2.766048553780170102e-02
1.175939849624060116e+03	2.770380811368272633e-02
1.177944862155388364e+03	2.774796543388897627e-02
1.179949874686716612e+03	2.779295901416883874e-02
1.181954887218045087e+03	2.783879026970032672e-02
1.183959899749373335e+03	2.788546051661638589e-02
1.185964912280701810e+03	2.793297097351676167e-02
1.187969924812030058e+03	2.798132276296521129e-02
1.189974937343358306e+03	2.803051691297381645e-02
1.191979949874686554e+03	2.808055435847324477e-02
1.193984962406015029e+03	2.813143594276819662e-02
1.195989974937343277e+03	2.818316241897991445e-02
1.197994987468671752e+03	2.823573445147401634e-02
1.200000000000000000e+03	2.828915261727432337e-02
