4.000000000000000000e+02	5.926099651155676031e-03
4.020050125313283047e+02	6.257561654860153977e-03
4.040100250626566663e+02	6.523876279638115248e-03
4.060150375939849710e+02	6.712106802216073753e-03
4.080200501253132757e+02	6.814230911669143069e-03
4.100250626566415804e+02	6.827261617053975891e-03
4.120300751879699419e+02	6.753082640241428111e-03
4.140350877192982466e+02	6.598037008544932296e-03
4.160401002506265513e+02	6.372316289725581465e-03
4.180451127819549129e+02	6.089202682799554033e-03
4.200501253132832176e+02	5.764217435028869997e-03
4.220551378446115223e+02	5.414227360375676971e-03
4.240601503759398270e+02	5.056557194083601339e-03
4.260651629072681885e+02	4.708149729688606427e-03
4.280701754385964932e+02	4.384808703959916856e-03
4.300751879699247979e+02	4.100551717612091300e-03
4.320802005012531026e+02	3.867092535433226761e-03
4.340852130325814642e+02	3.693464265244012987e-03
4.360902255639097689e+02	3.585787477849094063e-03
4.380952380952380736e+02	3.547180551782142584e-03
4.401002506265664351e+02	3.577803606929901362e-03
4.421052631578947398e+02	3.675022478739447401e-03
4.441102756892230445e+02	3.833675377112198603e-03
4.461152882205514061e+02	4.046422217035525008e-03
4.481203007518797108e+02	4.304155096045264237e-03
4.501253132832080155e+02	4.596447972423908790e-03
4.521303258145363202e+02	4.912024169230610506e-03
4.541353383458646817e+02	5.239221757745469304e-03
4.561403508771929864e+02	5.566438997459561069e-03
4.581453634085212911e+02	5.882544649944541730e-03
4.601503759398495959e+02	6.177240957621696858e-03
4.621553884711779574e+02	6.441370208559457113e-03
4.641604010025062621e+02	6.667158933385690205e-03
4.661654135338345668e+02	6.848396761392833848e-03
4.681704260651629284e+02	6.980549688627079793e-03
4.701754385964912331e+02	7.060809899563993096e-03
4.721804511278195378e+02	7.088086283743380740e-03
4.741854636591478993e+02	7.062941374658898187e-03
4.761904761904762040e+02	6.987481609191356462e-03
4.781954887218045087e+02	6.865208580092934006e-03
4.802005012531328134e+02	6.700839364050196340e-03
4.822055137844611181e+02	6.500104095938739196e-03
4.842105263157894797e+02	6.269528773721491297e-03
4.862155388471177844e+02	6.016210867549409182e-03
4.882205513784460891e+02	5.747594719512133001e-03
4.902255639097744506e+02	5.471253002650322377e-03
4.922305764411027553e+02	5.194679700460081220e-03
4.942355889724310600e+02	4.925099207382558665e-03
4.962406015037594216e+02	4.669295267706238643e-03
4.982456140350877263e+02	4.433462590948142844e-03
5.002506265664160310e+02	4.223083127561214935e-03
5.022556390977443357e+02	4.042828177081608972e-03
5.042606516290726404e+02	3.896486745365474423e-03
5.062656641604010019e+02	3.786919879082015217e-03
5.082706766917293066e+02	3.716040092194785975e-03
5.102756892230576113e+02	3.684814466523076478e-03
5.122807017543859729e+02	3.693289560305754692e-03
5.142857142857142208e+02	3.740635896770233126e-03
5.162907268170425823e+02	3.825209529040495427e-03
5.182957393483709438e+02	3.944627986623520759e-03
5.203007518796991917e+02	4.095857798925451460e-03
5.223057644110275533e+02	4.275310758022224031e-03
5.243107769423559148e+02	4.478946120154896592e-03
5.263157894736841627e+02	4.702376045880518433e-03
5.283208020050125242e+02	4.940971734280183263e-03
5.303258145363408858e+02	5.189967908191053803e-03
5.323308270676691336e+02	5.444563545751575362e-03
5.343358395989974952e+02	5.700017019136256746e-03
5.363408521303258567e+02	5.951734084865084769e-03
5.383458646616541046e+02	6.195347462554160259e-03
5.403508771929824661e+02	6.426787032133638410e-03
5.423558897243108277e+02	6.642339965934070285e-03
5.443609022556390755e+02	6.838700385172386681e-03
5.463659147869674371e+02	7.013008384881860152e-03
5.483709273182957986e+02	7.162878503002173894e-03
5.503759398496240465e+02	7.286417915097839412e-03
5.523809523809524080e+02	7.382234814025860278e-03
5.543859649122806559e+02	7.449437582877919267e-03
5.563909774436090174e+02	7.487625489640310425e-03
5.583959899749372653e+02	7.496871724000565666e-03
5.604010025062656268e+02	7.477699661990066041e-03
5.624060150375939884e+02	7.431053284600420451e-03
5.644110275689222362e+02	7.358262694436596731e-03
5.664160401002505978e+02	7.261005672397766869e-03
5.684210526315789593e+02	7.141266196964690498e-03
5.704260651629072072e+02	7.001290814596393235e-03
5.724310776942355687e+02	6.843543703618941432e-03
5.744360902255639303e+02	6.670661218320531397e-03
5.764411027568921781e+02	6.485406637068719810e-03
5.784461152882205397e+02	6.290625770250255280e-03
5.804511278195489012e+02	6.089204012586378958e-03
5.824561403508771491e+02	5.884025351547863929e-03
5.844611528822055107e+02	5.677933770599519550e-03
5.864661654135338722e+02	5.473697414039965098e-03
5.884711779448621201e+02	5.273975810253263979e-03
5.904761904761904816e+02	5.081290383049581229e-03
5.924812030075188432e+02	4.897998417071229744e-03
5.944862155388470910e+02	4.726270583451375185e-03
5.964912280701754526e+02	4.568072076390117600e-03
5.984962406015038141e+02	4.425147360294431377e-03
6.005012531328320620e+02	4.299008480764985110e-03
6.025062656641604235e+02	4.190926851081380050e-03
6.045112781954886714e+02	4.101928388948201248e-03
6.065162907268170329e+02	4.032791846078819832e-03
6.085213032581452808e+02	3.984050145634395433e-03
6.105263157894736423e+02	3.955994519482408482e-03
6.125313283208020039e+02	3.948681218550845716e-03
6.145363408521302517e+02	3.961940555058094705e-03
6.165413533834586133e+02	3.995388024904253030e-03
6.185463659147869748e+02	4.048437251803616369e-03
6.205513784461152227e+02	4.120314491593208769e-03
6.225563909774435842e+02	4.210074435322131922e-03
6.245614035087719458e+02	4.316617052954577378e-03
6.265664160401001936e+02	4.438705225533673589e-03
6.285714285714285552e+02	4.574982922176025653e-03
6.305764411027569167e+02	4.723993689008763354e-03
6.325814536340851646e+02	4.884199229831172849e-03
6.345864661654135261e+02	5.053997872587335898e-03
6.365914786967418877e+02	5.231742731380449422e-03
6.385964912280701355e+02	5.415759390456117116e-03
6.406015037593984971e+02	5.604362954046988865e-03
6.426065162907268586e+02	5.795874323934122919e-03
6.446115288220551065e+02	5.988635584782856652e-03
6.466165413533834680e+02	6.181024395508219298e-03
6.486215538847118296e+02	6.371467302893901383e-03
6.506265664160400775e+02	6.558451911225283461e-03
6.526315789473684390e+02	6.740537858616262729e-03
6.546365914786966869e+02	6.916366566853951112e-03
6.566416040100250484e+02	7.084669746818331171e-03
6.586466165413532963e+02	7.244276655742596521e-03
6.606516290726817715e+02	7.394120115676985038e-03
6.626566416040100194e+02	7.533241314438598839e-03
6.646616541353382672e+02	7.660793421029194958e-03
6.666666666666666288e+02	7.776044056960309918e-03
6.686716791979949903e+02	7.878376673135898886e-03
6.706766917293232382e+02	7.967290888924763795e-03
6.726817042606515997e+02	8.042401855834635169e-03
6.746867167919799613e+02	8.103438712823839152e-03
6.766917293233082091e+02	8.150242203807538804e-03
6.786967418546365707e+02	8.182761530400950792e-03
6.807017543859649322e+02	8.201050514459929178e-03
6.827067669172931801e+02	8.205263145611117748e-03
6.847117794486215416e+02	8.195648588786061395e-03
6.867167919799499032e+02	8.172545725872771422e-03
6.887218045112781510e+02	8.136377304055735643e-03
6.907268170426065126e+02	8.087643761311210516e-03
6.927318295739348741e+02	8.026916796944404825e-03
6.947368421052631220e+02	7.954832752070017596e-03
6.967418546365914835e+02	7.872085861624307512e-03
6.987468671679198451e+02	7.779421435924238452e-03
7.007518796992480929e+02	7.677629026018179849e-03
7.027568922305763408e+02	7.567535623165960040e-03
7.047619047619048160e+02	7.449998938794016694e-03
7.067669172932330639e+02	7.325900807242369077e-03
7.087719298245613118e+02	7.196140749598008840e-03
7.107769423558897870e+02	7.061629732930120064e-03
7.127819548872180349e+02	6.923284155337610865e-03
7.147869674185462827e+02	6.782020083418472366e-03
7.167919799498746443e+02	6.638747765094352854e-03
7.187969924812030058e+02	6.494366437191528320e-03
7.208020050125312537e+02	6.349759443806481107e-03
7.228070175438596152e+02	6.205789678281845370e-03
7.248120300751879768e+02	6.063295358593944265e-03
7.268170426065162246e+02	5.923086143114195991e-03
7.288220551378445862e+02	5.785939591052341111e-03
7.308270676691729477e+02	5.652597969426959371e-03
7.328320802005011956e+02	5.523765406129972459e-03
7.348370927318295571e+02	5.400105386561280044e-03
7.368421052631579187e+02	5.282238589398907148e-03
7.388471177944861665e+02	5.170741055336527427e-03
7.408521303258145281e+02	5.066142681059821427e-03
7.428571428571428896e+02	4.968926029336035582e-03
7.448621553884711375e+02	4.879525444855449361e-03
7.468671679197994990e+02	4.798326464378130027e-03
7.488721804511278606e+02	4.725665508801319206e-03
7.508771929824561084e+02	4.661829843960764268e-03
7.528822055137844700e+02	4.607057796309896834e-03
7.548872180451128315e+02	4.561539209073899558e-03
7.568922305764410794e+02	4.525416124045846498e-03
7.588972431077693273e+02	4.498783673871938407e-03
7.609022556390978025e+02	4.481691169454287728e-03
7.629072681704260503e+02	4.474143366978714648e-03
7.649122807017542982e+02	4.476101899041179735e-03
7.669172932330826598e+02	4.487486854398195155e-03
7.689223057644110213e+02	4.508178490991693321e-03
7.709273182957392692e+02	4.538019067098228790e-03
7.729323308270676307e+02	4.576814775713523159e-03
7.749373433583959923e+02	4.624337767605776750e-03
7.769423558897242401e+02	4.680328248846243183e-03
7.789473684210526017e+02	4.744496639049285668e-03
7.809523809523809632e+02	4.816525777020816065e-03
7.829573934837092111e+02	4.896073161020013213e-03
7.849624060150375726e+02	4.982773211376354157e-03
7.869674185463659342e+02	5.076239543772951765e-03
7.889724310776941820e+02	5.176067242097271391e-03
7.909774436090225436e+02	5.281835120372951539e-03
7.929824561403509051e+02	5.393107963912907241e-03
7.949874686716791530e+02	5.509438740473245402e-03
7.969924812030075145e+02	5.630370772834568036e-03
7.989974937343358761e+02	5.755439864888150028e-03
8.010025062656641239e+02	5.884176373956593632e-03
8.030075187969924855e+02	6.016107222728707578e-03
8.050125313283208470e+02	6.150757844831419852e-03
8.070175438596490949e+02	6.287654058698182759e-03
8.090225563909773427e+02	6.426323865017383521e-03
8.110275689223058180e+02	6.566299163654976991e-03
8.130325814536340658e+02	6.707117386541410278e-03
8.150375939849623137e+02	6.848323043589291809e-03
8.170426065162906752e+02	6.989469179265916238e-03
8.190476190476190368e+02	7.130118737980764565e-03
8.210526315789472847e+02	7.269845836960660106e-03
8.230576441102756462e+02	7.408236945774882357e-03
8.250626566416040077e+02	7.544891972135180265e-03
8.270676691729322556e+02	7.679425254034565225e-03
8.290726817042606172e+02	7.811466458698617700e-03
8.310776942355889787e+02	7.940661389207870693e-03
8.330827067669172266e+02	8.066672700006166305e-03
8.350877192982455881e+02	8.189180522838486811e-03
8.370927318295739497e+02	8.307883004964466619e-03
8.390977443609021975e+02	8.422496761766797013e-03
8.411027568922305591e+02	8.532757246122553083e-03
8.431077694235589206e+02	8.638419037125864494e-03
8.451127819548871685e+02	8.739256050945307802e-03
8.471177944862155300e+02	8.835061676770748773e-03
8.491228070175438916e+02	8.925648840948459742e-03
8.511278195488721394e+02	9.010850002527355865e-03
8.531328320802005010e+02	9.090517083537448875e-03
8.551378446115288625e+02	9.164521337401518308e-03
8.571428571428571104e+02	9.232753158937541740e-03
8.591478696741853582e+02	9.295121839448930445e-03
8.611528822055138335e+02	9.351555270419873236e-03
8.631578947368420813e+02	9.401999599336156518e-03
8.651629072681703292e+02	9.446418841140207662e-03
8.671679197994988044e+02	9.484794448801221398e-03
8.691729323308270523e+02	9.517124846441182839e-03
8.711779448621553001e+02	9.543424928404797489e-03
8.731829573934836617e+02	9.563725527596829423e-03
8.751879699248120232e+02	9.578072856337049856e-03
8.771929824561402711e+02	9.586527922898890192e-03
8.791979949874686326e+02	9.589165926807717566e-03
8.812030075187969942e+02	9.586075635876580014e-03
8.832080200501252421e+02	9.577358747852843246e-03
8.852130325814536036e+02	9.563129239441548260e-03
8.872180451127819651e+02	9.543512705356787390e-03
8.892230576441102130e+02	9.518645689937682564e-03
8.912280701754385746e+02	9.488675013745817219e-03
8.932330827067669361e+02	9.453757097441334648e-03
8.952380952380951840e+02	9.414057285112270579e-03
8.972431077694235455e+02	9.369749169111193932e-03
8.992481203007519071e+02	9.321013918330376541e-03
9.012531328320801549e+02	9.268039611725724380e-03
9.032581453634085165e+02	9.211020578780693829e-03
9.052631578947368780e+02	9.150156748481557550e-03
9.072681704260651259e+02	9.085653008260969124e-03
9.092731829573933737e+02	9.017718574251161467e-03
9.112781954887218490e+02	8.946566374078175968e-03
9.132832080200500968e+02	8.872412443319472805e-03
9.152882205513784584e+02	8.795475336642662179e-03
9.172932330827067062e+02	8.715975554541167264e-03
9.192982456140350678e+02	8.634134986484265709e-03
9.213032581453634293e+02	8.550176371205319564e-03
9.233082706766916772e+02	8.464322774759926171e-03
9.253132832080200387e+02	8.376797086900313397e-03
9.273182957393482866e+02	8.287821536228206706e-03
9.293233082706766481e+02	8.197617224510104009e-03
9.313283208020050097e+02	8.106403680463209957e-03
9.333333333333332575e+02	8.014398433249801321e-03
9.353383458646616191e+02	7.921816605849518050e-03
9.373433583959899806e+02	7.828870528416831051e-03
9.393483709273182285e+02	7.735769371669989902e-03
9.413533834586465900e+02	7.642718800302876654e-03
9.433583959899749516e+02	7.549920646358295774e-03
9.453634085213031994e+02	7.457572602452332798e-03
9.473684210526315610e+02	7.365867934694646235e-03
9.493734335839599225e+02	7.274995215106990626e-03
9.513784461152881704e+02	7.185138073303811573e-03
9.533834586466165320e+02	7.096474967162788410e-03
9.553884711779447798e+02	7.009178972181296860e-03
9.573934837092731414e+02	6.923417589183686500e-03
9.593984962406015029e+02	6.839352570018959916e-03
9.614035087719297508e+02	6.757139760862295591e-03
9.634085213032581123e+02	6.676928962713511717e-03
9.654135338345864739e+02	6.598863808665414096e-03
9.674185463659147217e+02	6.523081657497926782e-03
9.694235588972430833e+02	6.449713503138779051e-03
9.714285714285714448e+02	6.378883899519206639e-03
9.734335839598996927e+02	6.310710900341698522e-03
9.754385964912280542e+02	6.245306013267511169e-03
9.774436090225563021e+02	6.182774168024926693e-03
9.794486215538846636e+02	6.123213697933106887e-03
9.814536340852130252e+02	6.066716334331778183e-03
9.834586466165412730e+02	6.013367213405259974e-03
9.854636591478696346e+02	5.963244894886801303e-03
9.874686716791979961e+02	5.916421392129336647e-03
9.894736842105262440e+02	5.872962213030318880e-03
9.914786967418546055e+02	5.832926411299709998e-03
9.934837092731829671e+02	5.796366647562840001e-03
9.954887218045112149e+02	5.763329259795444033e-03
9.974937343358395765e+02	5.733854342591260082e-03
9.994987468671679380e+02	5.707975834769009674e-03
1.001503759398496186e+03	5.685721614832659962e-03
1.003508771929824547e+03	5.667113603803999519e-03
1.005513784461152795e+03	5.652167874956347433e-03
1.007518796992481157e+03	5.640894769985022386e-03
1.009523809523809518e+03	5.633299021159172103e-03
1.011528822055137766e+03	5.629379879009279754e-03
1.013533834586466128e+03	5.629131245113096378e-03
1.015538847117794489e+03	5.632541809554191502e-03
1.017543859649122737e+03	5.639595192635802126e-03
1.019548872180451099e+03	5.650270090444839757e-03
1.021553884711779460e+03	5.664540423870070146e-03
1.023558897243107708e+03	5.682375490691015524e-03
1.025563909774436070e+03	5.703740120363925969e-03
1.027568922305764318e+03	5.728594831142928834e-03
1.029573934837092565e+03	5.756895989186734848e-03
1.031578947368421041e+03	5.788595969310359086e-03
1.033583959899749289e+03	5.823643317056141633e-03
1.035588972431077764e+03	5.861982911766721108e-03
1.037593984962406012e+03	5.903556130356575268e-03
1.039598997493734259e+03	5.948301011488835513e-03
1.041604010025062507e+03	5.996152419876357026e-03
1.043609022556390983e+03	6.047042210437427769e-03
1.045614035087719230e+03	6.100899392047593947e-03
1.047619047619047706e+03	6.157650290640722182e-03
1.049624060150375954e+03	6.217218711423979673e-03
1.051629072681704201e+03	6.279526099981545297e-03
1.053634085213032449e+03	6.344491702054221895e-03
1.055639097744360697e+03	6.412032721791885610e-03
1.057644110275689172e+03	6.482064478287260546e-03
1.059649122807017648e+03	6.554500560209322937e-03
1.061654135338345895e+03	6.629252978366062185e-03
1.063659147869674143e+03	6.706232316035538356e-03
1.065664160401002391e+03	6.785347876914866842e-03
1.067669172932330639e+03	6.866507830546576818e-03
1.069674185463659114e+03	6.949619355091194058e-03
1.071679197994987589e+03	7.034588777324651300e-03
1.073684210526315837e+03	7.121321709748244452e-03
1.075689223057644085e+03	7.209723184707964548e-03
1.077694235588972333e+03	7.299697785428676915e-03
1.079699248120300581e+03	7.391149773877450473e-03
1.081704260651629056e+03	7.483983215378711869e-03
1.083709273182957304e+03	7.578102099911668971e-03
1.085714285714285779e+03	7.673410460028854720e-03
1.087719298245614027e+03	7.769812485341779859e-03
1.089724310776942275e+03	7.867212633527758195e-03
1.091729323308270523e+03	7.965515737818562592e-03
1.093734335839598998e+03	8.064627110938230384e-03
1.095739348370927246e+03	8.164452645465813604e-03
1.097744360902255721e+03	8.264898910602514956e-03
1.099749373433583969e+03	8.365873245331372637e-03
1.101754385964912217e+03	8.467283847962560339e-03
1.103759398496240465e+03	8.569039862062597171e-03
1.105764411027568940e+03	8.671051458772551998e-03
1.107769423558897188e+03	8.773229915524465711e-03
1.109774436090225663e+03	8.875487691170601268e-03
1.111779448621553911e+03	8.977738497545325116e-03
1.113784461152882159e+03	9.079897367483224374e-03
1.115789473684210407e+03	9.181880719321940457e-03
1.117794486215538655e+03	9.283606417922040527e-03
1.119799498746867130e+03	9.384993832240397585e-03
1.121804511278195605e+03	9.485963889496929272e-03
1.123809523809523853e+03	9.586439125977673156e-03
1.125814536340852101e+03	9.686343734521653606e-03
1.127819548872180349e+03	9.785603608740481990e-03
1.129824561403508596e+03	9.884146384023037232e-03
1.131829573934837072e+03	9.981901475381057057e-03
1.133834586466165320e+03	1.007880011219212772e-02
1.135839598997493795e+03	1.017477536990065226e-02
1.137844611528822043e+03	1.026976219873777796e-02
1.139849624060150290e+03	1.036369744952428569e-02
1.141854636591478538e+03	1.045651989662201888e-02
1.143859649122807014e+03	1.054817025809957724e-02
1.145864661654135261e+03	1.063859121318166089e-02
1.147869674185463737e+03	1.072772741705052893e-02
1.149874686716791985e+03	1.081552551307023331e-02
1.151879699248120232e+03	1.090193414250478603e-02
1.153884711779448480e+03	1.098690395180204962e-02
1.155889724310776955e+03	1.107038759751623018e-02
1.157894736842105203e+03	1.115233974894158653e-02
1.159899749373433679e+03	1.123271708853080565e-02
1.161904761904761926e+03	1.131147831017154971e-02
1.163909774436090174e+03	1.138858411539448411e-02
1.165914786967418422e+03	1.146399720758722700e-02
1.167919799498746670e+03	1.153768228428606567e-02
1.169924812030075145e+03	1.160960602762002233e-02
1.171929824561403620e+03	1.167973709297936806e-02
1.173934837092731868e+03	1.174804609598097301e-02
1.175939849624060116e+03	1.181450559780239211e-02
1.177944862155388364e+03	1.187909008895600242e-02
1.179949874686716612e+03	1.194177597157354033e-02
1.181954887218045087e+03	1.200254154027049699e-02
1.183959899749373335e+03	1.206136696166009922e-02
1.185964912280701810e+03	1.211823425258389854e-02
1.187969924812030058e+03	1.217312725712668339e-02
1.189974937343358306e+03	1.222603162248142236e-02
1.191979949874686554e+03	1.227693477372911006e-02
1.193984962406015029e+03	1.232582588759741603e-02
1.195989974937343277e+03	1.237269586526117994e-02
1.197994987468671752e+03	1.241753730424507464e-02
1.200000000000000000e+03	1.246034446948997634e-02
