4.000000000000000000e+02	1.024193276484746014e-02
4.020050125313283047e+02	1.053979635595059423e-02
4.040100250626566663e+02	1.085244779907897951e-02
4.060150375939849710e+02	1.117884667562390674e-02
4.080200501253132757e+02	1.151794361754867116e-02
4.100250626566415804e+02	1.186868505738673460e-02
4.120300751879699419e+02	1.223001766301508308e-02
4.140350877192982466e+02	1.260089246066043236e-02
4.160401002506265513e+02	1.298026865099903560e-02
4.180451127819549129e+02	1.336711712444139596e-02
4.200501253132832176e+02	1.376042368276169867e-02
4.220551378446115223e+02	1.415919197515157733e-02
4.240601503759398270e+02	1.456244615755906795e-02
4.260651629072681885e+02	1.496923328483087609e-02
4.280701754385964932e+02	1.537862544571019438e-02
4.300751879699247979e+02	1.578972165117716736e-02
4.320802005012531026e+02	1.620164948694834822e-02
4.340852130325814642e+02	1.661356654119397480e-02
4.360902255639097689e+02	1.702466161869087280e-02
4.380952380952380736e+02	1.743415575271376958e-02
4.401002506265664351e+02	1.784130302598335022e-02
4.421052631578947398e+02	1.824539121194480515e-02
4.441102756892230445e+02	1.864574224754992834e-02
4.461152882205514061e+02	1.904171254856738132e-02
4.481203007518797108e+02	1.943269317825292372e-02
4.501253132832080155e+02	1.981810987997762244e-02
4.521303258145363202e+02	2.019742298415154111e-02
4.541353383458646817e+02	2.057012719948269133e-02
4.561403508771929864e+02	2.093575129829518960e-02
4.581453634085212911e+02	2.129385770529206023e-02
4.601503759398495959e+02	2.164404199879052873e-02
4.621553884711779574e+02	2.198593233309285161e-02
4.641604010025062621e+02	2.231918879027347882e-02
4.661654135338345668e+02	2.264350266928074826e-02
4.681704260651629284e+02	2.295859571985998937e-02
4.701754385964912331e+02	2.326421932841463494e-02
4.721804511278195378e+02	2.356015366253015955e-02
4.741854636591478993e+02	2.384620678049720333e-02
4.761904761904762040e+02	2.412221371178817700e-02
4.781954887218045087e+02	2.438803551406051873e-02
4.802005012531328134e+02	2.464355831189302473e-02
4.822055137844611181e+02	2.488869232209708904e-02
4.842105263157894797e+02	2.512337087009398548e-02
4.862155388471177844e+02	2.534754940150794542e-02
4.882205513784460891e+02	2.556120449279703291e-02
4.902255639097744506e+02	2.576433286442102871e-02
4.922305764411027553e+02	2.595695039974791826e-02
4.942355889724310600e+02	2.613909117260271656e-02
4.962406015037594216e+02	2.631080648608581998e-02
4.982456140350877263e+02	2.647216392502503221e-02
5.002506265664160310e+02	2.662324642416862702e-02
5.022556390977443357e+02	2.676415135399398681e-02
5.042606516290726404e+02	2.689498962577734770e-02
5.062656641604010019e+02	2.701588481736143244e-02
5.082706766917293066e+02	2.712697232085627824e-02
5.102756892230576113e+02	2.722839851332509511e-02
5.122807017543859729e+02	2.732031995133187702e-02
5.142857142857142208e+02	2.740290259006703324e-02
5.162907268170425823e+02	2.747632102761604980e-02
5.182957393483709438e+02	2.754075777479999057e-02
5.203007518796991917e+02	2.759640255088536762e-02
5.223057644110275533e+02	2.764345160534905504e-02
5.243107769423559148e+02	2.768210706577006047e-02
5.263157894736841627e+02	2.771257631182801051e-02
5.283208020050125242e+02	2.773507137529533303e-02
5.303258145363408858e+02	2.774980836583177193e-02
5.323308270676691336e+02	2.775700692231830233e-02
5.343358395989974952e+02	2.775688968940008550e-02
5.363408521303258567e+02	2.774968181885426738e-02
5.383458646616541046e+02	2.773561049534636891e-02
5.403508771929824661e+02	2.771490448609258486e-02
5.423558897243108277e+02	2.768779371391152239e-02
5.443609022556390755e+02	2.765450885311187754e-02
5.463659147869674371e+02	2.761528094763565297e-02
5.483709273182957986e+02	2.757034105085639716e-02
5.503759398496240465e+02	2.751991988640807921e-02
5.523809523809524080e+02	2.746424752940979444e-02
5.543859649122806559e+02	2.740355310743865583e-02
5.563909774436090174e+02	2.733806452059498598e-02
5.583959899749372653e+02	2.726800818000113535e-02
5.604010025062656268e+02	2.719360876407160912e-02
5.624060150375939884e+02	2.711508899189324709e-02
5.644110275689222362e+02	2.703266941305912732e-02
5.664160401002505978e+02	2.694656821330079777e-02
5.684210526315789593e+02	2.685700103527574947e-02
5.704260651629072072e+02	2.676418081386997341e-02
5.724310776942355687e+02	2.666831762538879325e-02
5.744360902255639303e+02	2.656961855002018189e-02
5.764411027568921781e+02	2.646828754696468888e-02
5.784461152882205397e+02	2.636452534164219000e-02
5.804511278195489012e+02	2.625852932439627294e-02
5.824561403508771491e+02	2.615049346013595399e-02
5.844611528822055107e+02	2.604060820836483561e-02
5.864661654135338722e+02	2.592906045306685864e-02
5.884711779448621201e+02	2.581603344193211108e-02
5.904761904761904816e+02	2.570170673442261425e-02
5.924812030075188432e+02	2.558625615819411225e-02
5.944862155388470910e+02	2.546985377340699186e-02
5.964912280701754526e+02	2.535266784447400695e-02
5.984962406015038141e+02	2.523486281881146681e-02
6.005012531328320620e+02	2.511659931217412670e-02
6.025062656641604235e+02	2.499803410017190780e-02
6.045112781954886714e+02	2.487932011558141240e-02
6.065162907268170329e+02	2.476060645108152034e-02
6.085213032581452808e+02	2.464203836705683437e-02
6.105263157894736423e+02	2.452375730412914220e-02
6.125313283208020039e+02	2.440590090009068028e-02
6.145363408521302517e+02	2.428860301092753554e-02
6.165413533834586133e+02	2.417199373563642950e-02
6.185463659147869748e+02	2.405619944455069520e-02
6.205513784461152227e+02	2.394134281090598906e-02
6.225563909774435842e+02	2.382754284538738873e-02
6.245614035087719458e+02	2.371491493341384982e-02
6.265664160401001936e+02	2.360357087492711073e-02
6.285714285714285552e+02	2.349361892646431235e-02
6.305764411027569167e+02	2.338516384530462539e-02
6.325814536340851646e+02	2.327830693549144334e-02
6.345864661654135261e+02	2.317314609554247534e-02
6.365914786967418877e+02	2.306977586766898250e-02
6.385964912280701355e+02	2.296828748833752362e-02
6.406015037593984971e+02	2.286876894001424812e-02
6.426065162907268586e+02	2.277130500394291060e-02
6.446115288220551065e+02	2.267597731381579620e-02
6.466165413533834680e+02	2.258286441020399340e-02
6.486215538847118296e+02	2.249204179562313069e-02
6.506265664160400775e+02	2.240358199011775742e-02
6.526315789473684390e+02	2.231755458725310018e-02
6.546365914786966869e+02	2.223402631041336563e-02
6.566416040100250484e+02	2.215306106930824484e-02
6.586466165413532963e+02	2.207472001659918984e-02
6.606516290726817715e+02	2.199906160456072471e-02
6.626566416040100194e+02	2.192614164169932184e-02
6.646616541353382672e+02	2.185601334925589209e-02
6.666666666666666288e+02	2.178872741752617762e-02
6.686716791979949903e+02	2.172433206193419286e-02
6.706766917293232382e+02	2.166287307880272392e-02
6.726817042606515997e+02	2.160439390076647134e-02
6.746867167919799613e+02	2.154893565177884093e-02
6.766917293233082091e+02	2.149653720166587109e-02
6.786967418546365707e+02	2.144723522018890383e-02
6.807017543859649322e+02	2.140106423057382828e-02
6.827067669172931801e+02	2.135805666247569956e-02
6.847117794486215416e+02	2.131824290434588751e-02
6.867167919799499032e+02	2.128165135517331649e-02
6.887218045112781510e+02	2.124830847557516653e-02
6.907268170426065126e+02	2.121823883821226386e-02
6.927318295739348741e+02	2.119146517751214348e-02
6.947368421052631220e+02	2.116800843867738119e-02
6.967418546365914835e+02	2.114788782596775663e-02
6.987468671679198451e+02	2.113112085023930581e-02
7.007518796992480929e+02	2.111772337573082983e-02
7.027568922305763408e+02	2.110770966608671931e-02
7.047619047619048160e+02	2.110109242960746256e-02
7.067669172932330639e+02	2.109788286372398305e-02
7.087719298245613118e+02	2.109809069868693807e-02
7.107769423558897870e+02	2.110172424047047218e-02
7.127819548872180349e+02	2.110879041288710525e-02
7.147869674185462827e+02	2.111929479891165931e-02
7.167919799498746443e+02	2.113324168121573712e-02
7.187969924812030058e+02	2.115063408191316524e-02
7.208020050125312537e+02	2.117147380151833402e-02
7.228070175438596152e+02	2.119576145712090756e-02
7.248120300751879768e+02	2.122349651977966864e-02
7.268170426065162246e+02	2.125467735114161191e-02
7.288220551378445862e+02	2.128930123929016413e-02
7.308270676691729477e+02	2.132736443382889785e-02
7.328320802005011956e+02	2.136886218020777467e-02
7.348370927318295571e+02	2.141378875329763565e-02
7.368421052631579187e+02	2.146213749022244516e-02
7.388471177944861665e+02	2.151390082245534935e-02
7.408521303258145281e+02	2.156907030718770504e-02
7.428571428571428896e+02	2.162763665798037374e-02
7.448621553884711375e+02	2.168958977470589189e-02
7.468671679197994990e+02	2.175491877278930980e-02
7.488721804511278606e+02	2.182361201176150414e-02
7.508771929824561084e+02	2.189565712312960266e-02
7.528822055137844700e+02	2.197104103757849952e-02
7.548872180451128315e+02	2.204975001151149305e-02
7.568922305764410794e+02	2.213176965294189058e-02
7.588972431077693273e+02	2.221708494674443091e-02
7.609022556390978025e+02	2.230568027927876812e-02
7.629072681704260503e+02	2.239753946239379789e-02
7.649122807017542982e+02	2.249264575682528161e-02
7.669172932330826598e+02	2.259098189499668050e-02
7.689223057644110213e+02	2.269253010323276851e-02
7.709273182957392692e+02	2.279727212340003362e-02
7.729323308270676307e+02	2.290518923398023737e-02
7.749373433583959923e+02	2.301626227059155524e-02
7.769423558897242401e+02	2.313047164596571115e-02
7.789473684210526017e+02	2.324779736939287800e-02
7.809523809523809632e+02	2.336821906564391649e-02
7.829573934837092111e+02	2.349171599338187658e-02
7.849624060150375726e+02	2.361826706307136245e-02
7.869674185463659342e+02	2.374785085439697074e-02
7.889724310776941820e+02	2.388044563320185221e-02
7.909774436090225436e+02	2.401602936795478940e-02
7.929824561403509051e+02	2.415457974575742350e-02
7.949874686716791530e+02	2.429607418789970011e-02
7.969924812030075145e+02	2.444048986497555226e-02
7.989974937343358761e+02	2.458780371156706057e-02
8.010025062656641239e+02	2.473799244050555249e-02
8.030075187969924855e+02	2.489103255672259207e-02
8.050125313283208470e+02	2.504690037069600902e-02
8.070175438596490949e+02	2.520557201150313079e-02
8.090225563909773427e+02	2.536702343948850011e-02
8.110275689223058180e+02	2.553123045855515763e-02
8.130325814536340658e+02	2.569816872808999494e-02
8.150375939849623137e+02	2.586781377452859743e-02
8.170426065162906752e+02	2.604014100257118908e-02
8.190476190476190368e+02	2.621512570605545253e-02
8.210526315789472847e+02	2.639274307849546683e-02
8.230576441102756462e+02	2.657296822329615824e-02
8.250626566416040077e+02	2.675577616364747599e-02
8.270676691729322556e+02	2.694114185211039098e-02
8.290726817042606172e+02	2.712904017989863428e-02
8.310776942355889787e+02	2.731944598586553627e-02
8.330827067669172266e+02	2.751233406520316171e-02
8.350877192982455881e+02	2.770767917786010059e-02
8.370927318295739497e+02	2.790545605668568255e-02
8.390977443609021975e+02	2.810563941530688781e-02
8.411027568922305591e+02	2.830820395574546941e-02
8.431077694235589206e+02	2.851312437578037290e-02
8.451127819548871685e+02	2.872037537606398142e-02
8.471177944862155300e+02	2.892993166699650912e-02
8.491228070175438916e+02	2.914176797536707081e-02
8.511278195488721394e+02	2.935585905076413746e-02
8.531328320802005010e+02	2.957217967176419687e-02
8.551378446115288625e+02	2.979070465190421582e-02
8.571428571428571104e+02	3.001140884544156034e-02
8.591478696741853582e+02	3.023426715290889605e-02
8.611528822055138335e+02	3.045925452646821088e-02
8.631578947368420813e+02	3.068634597507065645e-02
8.651629072681703292e+02	3.091551656942597912e-02
8.671679197994988044e+02	3.114674144678753615e-02
8.691729323308270523e+02	3.137999581555690753e-02
8.711779448621553001e+02	3.161525495971454630e-02
8.731829573934836617e+02	3.185249424307987770e-02
8.751879699248120232e+02	3.209168911340504193e-02
8.771929824561402711e+02	3.233281510630889310e-02
8.791979949874686326e+02	3.257584784905352693e-02
8.812030075187969942e+02	3.282076306416812500e-02
8.832080200501252421e+02	3.306753657292609005e-02
8.852130325814536036e+02	3.331614429867674892e-02
8.872180451127819651e+02	3.356656227003743803e-02
8.892230576441102130e+02	3.381876662395025962e-02
8.912280701754385746e+02	3.407273360860529898e-02
8.932330827067669361e+02	3.432843958623625624e-02
8.952380952380951840e+02	3.458586103579055354e-02
8.972431077694235455e+02	3.484497455547889283e-02
8.992481203007519071e+02	3.510575686520640837e-02
9.012531328320801549e+02	3.536818480888827970e-02
9.032581453634085165e+02	3.563223535665665381e-02
9.052631578947368780e+02	3.589788560695689190e-02
9.072681704260651259e+02	3.616511278854071115e-02
9.092731829573933737e+02	3.643389426235684597e-02
9.112781954887218490e+02	3.670420752334274672e-02
9.132832080200500968e+02	3.697603020212060498e-02
9.152882205513784584e+02	3.724934006660067520e-02
9.172932330827067062e+02	3.752411502349326661e-02
9.192982456140350678e+02	3.780033311973355487e-02
9.213032581453634293e+02	3.807797254382218333e-02
9.233082706766916772e+02	3.835701162708209100e-02
9.253132832080200387e+02	3.863742884483620244e-02
9.273182957393482866e+02	3.891920281750724936e-02
9.293233082706766481e+02	3.920231231164254815e-02
9.313283208020050097e+02	3.948673624086605771e-02
9.333333333333332575e+02	3.977245366675937616e-02
9.353383458646616191e+02	4.005944379967475710e-02
9.373433583959899806e+02	4.034768599948145712e-02
9.393483709273182285e+02	4.063715977624803716e-02
9.413533834586465900e+02	4.092784479086292865e-02
9.433583959899749516e+02	4.121972085559309773e-02
9.453634085213031994e+02	4.151276793458714282e-02
9.473684210526315610e+02	4.180696614431913399e-02
9.493734335839599225e+02	4.210229575397939766e-02
9.513784461152881704e+02	4.239873718581236434e-02
9.533834586466165320e+02	4.269627101540244413e-02
9.553884711779447798e+02	4.299487797191158672e-02
9.573934837092731414e+02	4.329453893826781113e-02
9.593984962406015029e+02	4.359523495130848691e-02
9.614035087719297508e+02	4.389694720187834603e-02
9.634085213032581123e+02	4.419965703488411973e-02
9.654135338345864739e+02	4.450334594930835386e-02
9.674185463659147217e+02	4.480799559818165329e-02
9.694235588972430833e+02	4.511358778851769225e-02
9.714285714285714448e+02	4.542010448120822885e-02
9.734335839598996927e+02	4.572752779088449376e-02
9.754385964912280542e+02	4.603583998574179575e-02
9.774436090225563021e+02	4.634502348733100102e-02
9.794486215538846636e+02	4.665506087031748989e-02
9.814536340852130252e+02	4.696593486220828478e-02
9.834586466165412730e+02	4.727762834305053452e-02
9.854636591478696346e+02	4.759012434509818368e-02
9.874686716791979961e+02	4.790340605245309996e-02
9.894736842105262440e+02	4.821745680067805739e-02
9.914786967418546055e+02	4.853226007638412193e-02
9.934837092731829671e+02	4.884779951679267540e-02
9.954887218045112149e+02	4.916405890927320194e-02
9.974937343358395765e+02	4.948102219085996623e-02
9.994987468671679380e+02	4.979867344774365628e-02
1.001503759398496186e+03	5.011699691474332669e-02
1.003508771929824547e+03	5.043597697475883657e-02
1.005513784461152795e+03	5.075559815820128440e-02
1.007518796992481157e+03	5.107584514240678247e-02
1.009523809523809518e+03	5.139670275103162128e-02
1.011528822055137766e+03	5.171815595342973970e-02
1.013533834586466128e+03	5.204018986401445085e-02
1.015538847117794489e+03	5.236278974160392397e-02
1.017543859649122737e+03	5.268594098875190035e-02
1.019548872180451099e+03	5.300962915106367801e-02
1.021553884711779460e+03	5.333383991649941896e-02
1.023558897243107708e+03	5.365855911466323180e-02
1.025563909774436070e+03	5.398377271607981975e-02
1.027568922305764318e+03	5.430946683146094245e-02
1.029573934837092565e+03	5.463562771095845094e-02
1.031578947368421041e+03	5.496224174340821195e-02
1.033583959899749289e+03	5.528929545556353353e-02
1.035588972431077764e+03	5.561677551131801595e-02
1.037593984962406012e+03	5.594466871092147742e-02
1.039598997493734259e+03	5.627296199018563816e-02
1.041604010025062507e+03	5.660164241968157484e-02
1.043609022556390983e+03	5.693069720393122840e-02
1.045614035087719230e+03	5.726011368059021750e-02
1.047619047619047706e+03	5.758987931962453177e-02
1.049624060150375954e+03	5.791998172248144505e-02
1.051629072681704201e+03	5.825040862125371172e-02
1.053634085213032449e+03	5.858114787783945399e-02
1.055639097744360697e+03	5.891218748309560299e-02
1.057644110275689172e+03	5.924351555598792590e-02
1.059649122807017648e+03	5.957512034273668156e-02
1.061654135338345895e+03	5.990699021595762702e-02
1.063659147869674143e+03	6.023911367379960330e-02
1.065664160401002391e+03	6.057147933908042792e-02
1.067669172932330639e+03	6.090407595841738214e-02
1.069674185463659114e+03	6.123689240135692796e-02
1.071679197994987589e+03	6.156991765950143441e-02
1.073684210526315837e+03	6.190314084563371816e-02
1.075689223057644085e+03	6.223655119284169507e-02
1.077694235588972333e+03	6.257013805363871584e-02
1.079699248120300581e+03	6.290389089908468567e-02
1.081704260651629056e+03	6.323779931790550479e-02
1.083709273182957304e+03	6.357185301561270319e-02
1.085714285714285779e+03	6.390604181362141700e-02
1.087719298245614027e+03	6.424035564837006496e-02
1.089724310776942275e+03	6.457478457043692999e-02
1.091729323308270523e+03	6.490931874366136223e-02
1.093734335839598998e+03	6.524394844426066598e-02
1.095739348370927246e+03	6.557866405995155246e-02
1.097744360902255721e+03	6.591345608907085707e-02
1.099749373433583969e+03	6.624831513969677010e-02
1.101754385964912217e+03	6.658323192877206587e-02
1.103759398496240465e+03	6.691819728122935795e-02
1.105764411027568940e+03	6.725320212911596596e-02
1.107769423558897188e+03	6.758823751072280672e-02
1.109774436090225663e+03	6.792329456971381296e-02
1.111779448621553911e+03	6.825836455425751681e-02
1.113784461152882159e+03	6.859343881616074279e-02
1.115789473684210407e+03	6.892850881000603391e-02
1.117794486215538655e+03	6.926356609228917494e-02
1.119799498746867130e+03	6.959860232056117035e-02
1.121804511278195605e+03	6.993360925257235960e-02
1.123809523809523853e+03	7.026857874541878046e-02
1.125814536340852101e+03	7.060350275469269576e-02
1.127819548872180349e+03	7.093837333363554876e-02
1.129824561403508596e+03	7.127318263229333317e-02
1.131829573934837072e+03	7.160792289667630706e-02
1.133834586466165320e+03	7.194258646792188461e-02
1.135839598997493795e+03	7.227716578146073378e-02
1.137844611528822043e+03	7.261165336618585764e-02
1.139849624060150290e+03	7.294604184362667165e-02
1.141854636591478538e+03	7.328032392712577336e-02
1.143859649122807014e+03	7.361449242101958390e-02
1.145864661654135261e+03	7.394854021982287529e-02
1.147869674185463737e+03	7.428246030741751660e-02
1.149874686716791985e+03	7.461624575624518918e-02
1.151879699248120232e+03	7.494988972650312720e-02
1.153884711779448480e+03	7.528338546534607545e-02
1.155889724310776955e+03	7.561672630608948231e-02
1.157894736842105203e+03	7.594990566742038096e-02
1.159899749373433679e+03	7.628291705260924205e-02
1.161904761904761926e+03	7.661575404872791872e-02
1.163909774436090174e+03	7.694841032587242113e-02
1.165914786967418422e+03	7.728087963638811952e-02
1.167919799498746670e+03	7.761315581410123399e-02
1.169924812030075145e+03	7.794523277355397406e-02
1.171929824561403620e+03	7.827710450924443841e-02
1.173934837092731868e+03	7.860876509487066399e-02
1.175939849624060116e+03	7.894020868257947687e-02
1.177944862155388364e+03	7.927142950222006157e-02
1.179949874686716612e+03	7.960242186060284553e-02
1.181954887218045087e+03	7.993318014076095102e-02
1.183959899749373335e+03	8.026369880121851652e-02
1.185964912280701810e+03	8.059397237526155777e-02
1.187969924812030058e+03	8.092399547021747463e-02
1.189974937343358306e+03	8.125376276673304532e-02
1.191979949874686554e+03	8.158326901806349507e-02
1.193984962406015029e+03	8.191250904936217547e-02
1.195989974937343277e+03	8.224147775697659979e-02
1.197994987468671752e+03	8.257017010774922450e-02
1.200000000000000000e+03	8.289858113832158926e-02
