4.000000000000000000e+02	4.811032593722114684e-03
4.020050125313283047e+02	4.415411920005904087e-03
4.040100250626566663e+02	4.101400918229729069e-03
4.060150375939849710e+02	3.911789200911859783e-03
4.080200501253132757e+02	3.870192441519963982e-03
4.100250626566415804e+02	3.978988372990187490e-03
4.120300751879699419e+02	4.220302035365434100e-03
4.140350877192982466e+02	4.559620629994509157e-03
4.160401002506265513e+02	4.951306850610550682e-03
4.180451127819549129e+02	5.345105930920406902e-03
4.200501253132832176e+02	5.692713048432683498e-03
4.220551378446115223e+02	5.953568231991551198e-03
4.240601503759398270e+02	6.099242307145194206e-03
4.260651629072681885e+02	6.116027661039566410e-03
4.280701754385964932e+02	6.005609669692948960e-03
4.300751879699247979e+02	5.783933272983800278e-03
4.320802005012531026e+02	5.478569775663902006e-03
4.340852130325814642e+02	5.125018215694349816e-03
4.360902255639097689e+02	4.762440208716183822e-03
4.380952380952380736e+02	4.429331130703364691e-03
4.401002506265664351e+02	4.159582842626823561e-03
4.421052631578947398e+02	3.979305783673587650e-03
4.441102756892230445e+02	3.904664514928240637e-03
4.461152882205514061e+02	3.940854483205986220e-03
4.481203007518797108e+02	4.082222280761298693e-03
4.501253132832080155e+02	4.313419074193468837e-03
4.521303258145363202e+02	4.611386972199736818e-03
4.541353383458646817e+02	4.947917566723452482e-03
4.561403508771929864e+02	5.292493671181865839e-03
4.581453634085212911e+02	5.615128533145634891e-03
4.601503759398495959e+02	5.888947283864804337e-03
4.621553884711779574e+02	6.092306404724546001e-03
4.641604010025062621e+02	6.210310556563005020e-03
4.661654135338345668e+02	6.235654166604871589e-03
4.681704260651629284e+02	6.168780561482629064e-03
4.701754385964912331e+02	6.017408629891922607e-03
4.721804511278195378e+02	5.795522331406051907e-03
4.741854636591478993e+02	5.521950007576316606e-03
4.761904761904762040e+02	5.218678121550275086e-03
4.781954887218045087e+02	4.909048646155943045e-03
4.802005012531328134e+02	4.615982508249563340e-03
4.822055137844611181e+02	4.360355396357224605e-03
4.842105263157894797e+02	4.159629170696135803e-03
4.862155388471177844e+02	4.026814445300512697e-03
4.882205513784460891e+02	3.969809949281585121e-03
4.902255639097744506e+02	3.991134194723492887e-03
4.922305764411027553e+02	4.088036757658819118e-03
4.942355889724310600e+02	4.252951813456679227e-03
4.962406015037594216e+02	4.474236796902276297e-03
4.982456140350877263e+02	4.737125084858832651e-03
5.002506265664160310e+02	5.024813846835696554e-03
5.022556390977443357e+02	5.319606602748388688e-03
5.042606516290726404e+02	5.604034035808742181e-03
5.062656641604010019e+02	5.861885322631688565e-03
5.082706766917293066e+02	6.079094491671515298e-03
5.102756892230576113e+02	6.244440806667925573e-03
5.122807017543859729e+02	6.350037600240938766e-03
5.142857142857142208e+02	6.391599179070398679e-03
5.162907268170425823e+02	6.368489413052205901e-03
5.182957393483709438e+02	6.283567682359074945e-03
5.203007518796991917e+02	6.142857525573896735e-03
5.223057644110275533e+02	5.955070390453651857e-03
5.243107769423559148e+02	5.731021325300489876e-03
5.263157894736841627e+02	5.482975412488965035e-03
5.283208020050125242e+02	5.223963497009267813e-03
5.303258145363408858e+02	4.967103629952891557e-03
5.323308270676691336e+02	4.724960989647892552e-03
5.343358395989974952e+02	4.508974227790979450e-03
5.363408521303258567e+02	4.328970569994384718e-03
5.383458646616541046e+02	4.192785914866977402e-03
5.403508771929824661e+02	4.105999932666797025e-03
5.423558897243108277e+02	4.071790044508774749e-03
5.443609022556390755e+02	4.090902415408086829e-03
5.463659147869674371e+02	4.161732933500669578e-03
5.483709273182957986e+02	4.280506748907055188e-03
5.503759398496240465e+02	4.441541440492782246e-03
5.523809523809524080e+02	4.637576351050642573e-03
5.543859649122806559e+02	4.860149114727487299e-03
5.563909774436090174e+02	5.099999877992173782e-03
5.583959899749372653e+02	5.347484122769531958e-03
5.604010025062656268e+02	5.592976231713863745e-03
5.624060150375939884e+02	5.827247852319570633e-03
5.644110275689222362e+02	6.041807557837919687e-03
5.664160401002505978e+02	6.229191097341163150e-03
5.684210526315789593e+02	6.383194504080147436e-03
5.704260651629072072e+02	6.499045330833594196e-03
5.724310776942355687e+02	6.573510162774124331e-03
5.744360902255639303e+02	6.604939206986291597e-03
5.764411027568921781e+02	6.593251085760770507e-03
5.784461152882205397e+02	6.539862909467101908e-03
5.804511278195489012e+02	6.447572242684536034e-03
5.824561403508771491e+02	6.320398696933063852e-03
5.844611528822055107e+02	6.163393597314943684e-03
5.864661654135338722e+02	5.982426506509056809e-03
5.884711779448621201e+02	5.783957386482417411e-03
5.904761904761904816e+02	5.574802881231012870e-03
5.924812030075188432e+02	5.361904661169702990e-03
5.944862155388470910e+02	5.152107030132488039e-03
5.964912280701754526e+02	4.951950106370560031e-03
5.984962406015038141e+02	4.767483893569375922e-03
6.005012531328320620e+02	4.604107497253783800e-03
6.025062656641604235e+02	4.466436652597457688e-03
6.045112781954886714e+02	4.358201644246721858e-03
6.065162907268170329e+02	4.282176646134500456e-03
6.085213032581452808e+02	4.240140514548295346e-03
6.105263157894736423e+02	4.232868152501049856e-03
6.125313283208020039e+02	4.260150745782803443e-03
6.145363408521302517e+02	4.320842465405448640e-03
6.165413533834586133e+02	4.412930648288615303e-03
6.185463659147869748e+02	4.533626014979287577e-03
6.205513784461152227e+02	4.679469163095237305e-03
6.225563909774435842e+02	4.846449387307404967e-03
6.245614035087719458e+02	5.030131816533704552e-03
6.265664160401001936e+02	5.225788918585582039e-03
6.285714285714285552e+02	5.428532590618234677e-03
6.305764411027569167e+02	5.633443316580306372e-03
6.325814536340851646e+02	5.835693214617097835e-03
6.345864661654135261e+02	6.030660200916814623e-03
6.365914786967418877e+02	6.214030944069598265e-03
6.385964912280701355e+02	6.381890758035799367e-03
6.406015037593984971e+02	6.530799065475833415e-03
6.426065162907268586e+02	6.657849541039309246e-03
6.446115288220551065e+02	6.760714502616900490e-03
6.466165413533834680e+02	6.837673546064032375e-03
6.486215538847118296e+02	6.887626806382894477e-03
6.506265664160400775e+02	6.910093569088054423e-03
6.526315789473684390e+02	6.905197245102777555e-03
6.546365914786966869e+02	6.873637958863962338e-03
6.566416040100250484e+02	6.816654182115393194e-03
6.586466165413532963e+02	6.735974976584169042e-03
6.606516290726817715e+02	6.633764490146266783e-03
6.626566416040100194e+02	6.512560387017994612e-03
6.646616541353382672e+02	6.375207887503129937e-03
6.666666666666666288e+02	6.224791051868129067e-03
6.686716791979949903e+02	6.064562871198871628e-03
6.706766917293232382e+02	5.897875630796169111e-03
6.726817042606515997e+02	5.728112893815585395e-03
6.746867167919799613e+02	5.558624319198532913e-03
6.766917293233082091e+02	5.392664382863495386e-03
6.786967418546365707e+02	5.233335918624236124e-03
6.807017543859649322e+02	5.083539238948942864e-03
6.827067669172931801e+02	4.945927438636837058e-03
6.847117794486215416e+02	4.822868329532823892e-03
6.867167919799499032e+02	4.716413303931014933e-03
6.887218045112781510e+02	4.628273280393422479e-03
6.907268170426065126e+02	4.559801750088235059e-03
6.927318295739348741e+02	4.511984815906453644e-03
6.947368421052631220e+02	4.485438001760990237e-03
6.967418546365914835e+02	4.480409506589537981e-03
6.987468671679198451e+02	4.496789487418151147e-03
7.007518796992480929e+02	4.534124878931961554e-03
7.027568922305763408e+02	4.591639193661642936e-03
7.047619047619048160e+02	4.668256697242172820e-03
7.067669172932330639e+02	4.762630317141382935e-03
7.087719298245613118e+02	4.873172620494949960e-03
7.107769423558897870e+02	4.998089186740106715e-03
7.127819548872180349e+02	5.135413702939303250e-03
7.147869674185462827e+02	5.283044123194385010e-03
7.167919799498746443e+02	5.438779257381074275e-03
7.187969924812030058e+02	5.600355187471759907e-03
7.208020050125312537e+02	5.765480950738015135e-03
7.228070175438596152e+02	5.931872976847696842e-03
7.248120300751879768e+02	6.097287818952305989e-03
7.268170426065162246e+02	6.259552775954499264e-03
7.288220551378445862e+02	6.416594062912343160e-03
7.308270676691729477e+02	6.566462247695803445e-03
7.328320802005011956e+02	6.707354733337541307e-03
7.348370927318295571e+02	6.837635125894471824e-03
7.368421052631579187e+02	6.955849386046519464e-03
7.388471177944861665e+02	7.060738718220454894e-03
7.408521303258145281e+02	7.151249202990886400e-03
7.428571428571428896e+02	7.226538226272753371e-03
7.448621553884711375e+02	7.285977801914056765e-03
7.468671679197994990e+02	7.329154922399676655e-03
7.488721804511278606e+02	7.355869105293978520e-03
7.508771929824561084e+02	7.366127330708478055e-03
7.528822055137844700e+02	7.360136587522376865e-03
7.548872180451128315e+02	7.338294263440383637e-03
7.568922305764410794e+02	7.301176626463270515e-03
7.588972431077693273e+02	7.249525653253030381e-03
7.609022556390978025e+02	7.184234463532779280e-03
7.629072681704260503e+02	7.106331619444106705e-03
7.649122807017542982e+02	7.016964545086351590e-03
7.669172932330826598e+02	6.917382314694793359e-03
7.689223057644110213e+02	6.808918048489275704e-03
7.709273182957392692e+02	6.692971143540982736e-03
7.729323308270676307e+02	6.570989553459975936e-03
7.749373433583959923e+02	6.444452315663221943e-03
7.769423558897242401e+02	6.314852508791446613e-03
7.789473684210526017e+02	6.183680805821589570e-03
7.809523809523809632e+02	6.052409770858223521e-03
7.829573934837092111e+02	5.922479029746396777e-03
7.849624060150375726e+02	5.795281426756517494e-03
7.869674185463659342e+02	5.672150261859416898e-03
7.889724310776941820e+02	5.554347685705996601e-03
7.909774436090225436e+02	5.443054312510872336e-03
7.929824561403509051e+02	5.339360094734894868e-03
7.949874686716791530e+02	5.244256487881536477e-03
7.969924812030075145e+02	5.158629918952710447e-03
7.989974937343358761e+02	5.083256558226353569e-03
8.010025062656641239e+02	5.018798381075931757e-03
8.030075187969924855e+02	4.965800494600687044e-03
8.050125313283208470e+02	4.924689692902719032e-03
8.070175438596490949e+02	4.895774194960502042e-03
8.090225563909773427e+02	4.879244510220656118e-03
8.110275689223058180e+02	4.875175369262997604e-03
8.130325814536340658e+02	4.883528650192882868e-03
8.150375939849623137e+02	4.904157225760778262e-03
8.170426065162906752e+02	4.936809651594882553e-03
8.190476190476190368e+02	4.981135612328941274e-03
8.210526315789472847e+02	5.036692039789813537e-03
8.230576441102756462e+02	5.102949815741626878e-03
8.250626566416040077e+02	5.179300970925829715e-03
8.270676691729322556e+02	5.265066292245652695e-03
8.290726817042606172e+02	5.359503250865991879e-03
8.310776942355889787e+02	5.461814165686858062e-03
8.330827067669172266e+02	5.571154519035188997e-03
8.350877192982455881e+02	5.686641344450312115e-03
8.370927318295739497e+02	5.807361610043787654e-03
8.390977443609021975e+02	5.932380525030259838e-03
8.411027568922305591e+02	6.060749701581164516e-03
8.431077694235589206e+02	6.191515109082525864e-03
8.451127819548871685e+02	6.323724763105733303e-03
8.471177944862155300e+02	6.456436096863269435e-03
8.491228070175438916e+02	6.588722968549192219e-03
8.511278195488721394e+02	6.719682263689106400e-03
8.531328320802005010e+02	6.848440057389638957e-03
8.551378446115288625e+02	6.974157307115712127e-03
8.571428571428571104e+02	7.096035052286048424e-03
8.591478696741853582e+02	7.213319102507503508e-03
8.611528822055138335e+02	7.325304201622933123e-03
8.631578947368420813e+02	7.431337659881804246e-03
8.651629072681703292e+02	7.530822451423286289e-03
8.671679197994988044e+02	7.623219778854745110e-03
8.691729323308270523e+02	7.708051110990136838e-03
8.711779448621553001e+02	7.784899703763735294e-03
8.731829573934836617e+02	7.853411617934876257e-03
8.751879699248120232e+02	7.913296250446864855e-03
8.771929824561402711e+02	7.964326399183636537e-03
8.791979949874686326e+02	8.006337883387771442e-03
8.812030075187969942e+02	8.039228744161880380e-03
8.832080200501252421e+02	8.062958051280015234e-03
8.852130325814536036e+02	8.077544343999876197e-03
8.872180451127819651e+02	8.083063734695836861e-03
8.892230576441102130e+02	8.079647704953866680e-03
8.912280701754385746e+02	8.067480624287958271e-03
8.932330827067669361e+02	8.046797021882191869e-03
8.952380952380951840e+02	8.017878641747609031e-03
8.972431077694235455e+02	7.981051311433414938e-03
8.992481203007519071e+02	7.936681653966791428e-03
9.012531328320801549e+02	7.885173672037566750e-03
9.032581453634085165e+02	7.826965232616413942e-03
9.052631578947368780e+02	7.762524479215534255e-03
9.072681704260651259e+02	7.692346197894531570e-03
9.092731829573933737e+02	7.616948161896356685e-03
9.112781954887218490e+02	7.536867478493160938e-03
9.132832080200500968e+02	7.452656960240952068e-03
9.152882205513784584e+02	7.364881541409463474e-03
9.172932330827067062e+02	7.274114758878230148e-03
9.192982456140350678e+02	7.180935315290892622e-03
9.213032581453634293e+02	7.085923740747890158e-03
9.233082706766916772e+02	6.989659167804171229e-03
9.253132832080200387e+02	6.892716233037461844e-03
9.273182957393482866e+02	6.795662116969075975e-03
9.293233082706766481e+02	6.699053732663812384e-03
9.313283208020050097e+02	6.603435071916678722e-03
9.333333333333332575e+02	6.509334716554123629e-03
9.353383458646616191e+02	6.417263521046483177e-03
9.373433583959899806e+02	6.327712471346044754e-03
9.393483709273182285e+02	6.241150723639204978e-03
9.413533834586465900e+02	6.158023825531052688e-03
9.433583959899749516e+02	6.078752121071264759e-03
9.453634085213031994e+02	6.003729339981080798e-03
9.473684210526315610e+02	5.933321370454854374e-03
9.493734335839599225e+02	5.867865213985645062e-03
9.513784461152881704e+02	5.807668119804163323e-03
9.533834586466165320e+02	5.753006895721934737e-03
9.553884711779447798e+02	5.704127391435425548e-03
9.573934837092731414e+02	5.661244149673000728e-03
9.593984962406015029e+02	5.624540219955960485e-03
9.614035087719297508e+02	5.594167129190405485e-03
9.634085213032581123e+02	5.570245002813376846e-03
9.654135338345864739e+02	5.552862829779876309e-03
9.674185463659147217e+02	5.542078864294897565e-03
9.694235588972430833e+02	5.537921156867640742e-03
9.714285714285714448e+02	5.540388206989627952e-03
9.734335839598996927e+02	5.549449729513353073e-03
9.754385964912280542e+02	5.565047526631951638e-03
9.774436090225563021e+02	5.587096457230266398e-03
9.794486215538846636e+02	5.615485495294082578e-03
9.814536340852130252e+02	5.650078869019824201e-03
9.834586466165412730e+02	5.690717272268959633e-03
9.854636591478696346e+02	5.737219140045058015e-03
9.874686716791979961e+02	5.789381979748021989e-03
9.894736842105262440e+02	5.846983750066849818e-03
9.914786967418546055e+02	5.909784279513163006e-03
9.934837092731829671e+02	5.977526716768326483e-03
9.954887218045112149e+02	6.049939005215479795e-03
9.974937343358395765e+02	6.126735374252019473e-03
9.994987468671679380e+02	6.207617840225707062e-03
1.001503759398496186e+03	6.292277710106397928e-03
1.003508771929824547e+03	6.380397081293799275e-03
1.005513784461152795e+03	6.471650331265666606e-03
1.007518796992481157e+03	6.565705591091713575e-03
1.009523809523809518e+03	6.662226197168843143e-03
1.011528822055137766e+03	6.760872115877362629e-03
1.013533834586466128e+03	6.861301336207627048e-03
1.015538847117794489e+03	6.963171225763604630e-03
1.017543859649122737e+03	7.066139845911918564e-03
1.019548872180451099e+03	7.169867222207694860e-03
1.021553884711779460e+03	7.274016566593438302e-03
1.023558897243107708e+03	7.378255448229753023e-03
1.025563909774436070e+03	7.482256910177421776e-03
1.027568922305764318e+03	7.585700529504888628e-03
1.029573934837092565e+03	7.688273418746051531e-03
1.031578947368421041e+03	7.789671166974270096e-03
1.033583959899749289e+03	7.889598719092677168e-03
1.035588972431077764e+03	7.987771192264231726e-03
1.037593984962406012e+03	8.083914628717141920e-03
1.039598997493734259e+03	8.177766684462791508e-03
1.041604010025062507e+03	8.269077253749774342e-03
1.043609022556390983e+03	8.357609029353547589e-03
1.045614035087719230e+03	8.443137999059806970e-03
1.047619047619047706e+03	8.525453878945862818e-03
1.049624060150375954e+03	8.604360484294464040e-03
1.051629072681704201e+03	8.679676039189086756e-03
1.053634085213032449e+03	8.751233426039277397e-03
1.055639097744360697e+03	8.818880376467361920e-03
1.057644110275689172e+03	8.882479605156328242e-03
1.059649122807017648e+03	8.941908888410015840e-03
1.061654135338345895e+03	8.997061089312986468e-03
1.063659147869674143e+03	9.047844131499832923e-03
1.065664160401002391e+03	9.094180923646904072e-03
1.067669172932330639e+03	9.136009236894225213e-03
1.069674185463659114e+03	9.173281537479472530e-03
1.071679197994987589e+03	9.205964776931096355e-03
1.073684210526315837e+03	9.234040142216553421e-03
1.075689223057644085e+03	9.257502768279451261e-03
1.077694235588972333e+03	9.276361415424773035e-03
1.079699248120300581e+03	9.290638114024146396e-03
1.081704260651629056e+03	9.300367779017344044e-03
1.083709273182957304e+03	9.305597796677233385e-03
1.085714285714285779e+03	9.306387586090085484e-03
1.087719298245614027e+03	9.302808137775628664e-03
1.089724310776942275e+03	9.294941531839209098e-03
1.091729323308270523e+03	9.282880438005234811e-03
1.093734335839598998e+03	9.266727599833511630e-03
1.095739348370927246e+03	9.246595305365508735e-03
1.097744360902255721e+03	9.222604846387490174e-03
1.099749373433583969e+03	9.194885968431869283e-03
1.101754385964912217e+03	9.163576313569531118e-03
1.103759398496240465e+03	9.128820857971986155e-03
1.105764411027568940e+03	9.090771346146364271e-03
1.107769423558897188e+03	9.049585723667008877e-03
1.109774436090225663e+03	9.005427570145919935e-03
1.111779448621553911e+03	8.958465534102450292e-03
1.113784461152882159e+03	8.908872771307285374e-03
1.115789473684210407e+03	8.856826388091789543e-03
1.117794486215538655e+03	8.802506891028146971e-03
1.119799498746867130e+03	8.746097644300530882e-03
1.121804511278195605e+03	8.687784336002179683e-03
1.123809523809523853e+03	8.627754454509582380e-03
1.125814536340852101e+03	8.566196776000718424e-03
1.127819548872180349e+03	8.503300864102489309e-03
1.129824561403508596e+03	8.439256582571198761e-03
1.131829573934837072e+03	8.374253621830909586e-03
1.133834586466165320e+03	8.308481040116950933e-03
1.135839598997493795e+03	8.242126819895655501e-03
1.137844611528822043e+03	8.175377440159205256e-03
1.139849624060150290e+03	8.108417465121548623e-03
1.141854636591478538e+03	8.041429149773914736e-03
1.143859649122807014e+03	7.974592062690700686e-03
1.145864661654135261e+03	7.908082726413218078e-03
1.147869674185463737e+03	7.842074275676833017e-03
1.149874686716791985e+03	7.776736133687797183e-03
1.151879699248120232e+03	7.712233706600111517e-03
1.153884711779448480e+03	7.648728096288647665e-03
1.155889724310776955e+03	7.586375831463290816e-03
1.157894736842105203e+03	7.525328617120348278e-03
1.159899749373433679e+03	7.465733102281374781e-03
1.161904761904761926e+03	7.407730665926066417e-03
1.163909774436090174e+03	7.351457220983803782e-03
1.165914786967418422e+03	7.297043036211813515e-03
1.167919799498746670e+03	7.244612575749074385e-03
1.169924812030075145e+03	7.194284356103436244e-03
1.171929824561403620e+03	7.146170820296770913e-03
1.173934837092731868e+03	7.100378228863660733e-03
1.175939849624060116e+03	7.057006567372564945e-03
1.177944862155388364e+03	7.016149470112905372e-03
1.179949874686716612e+03	6.977894159568725531e-03
1.181954887218045087e+03	6.942321401279379078e-03
1.183959899749373335e+03	6.909505473667105352e-03
1.185964912280701810e+03	6.879514152396323627e-03
1.187969924812030058e+03	6.852408708812459184e-03
1.189974937343358306e+03	6.828243921995743974e-03
1.191979949874686554e+03	6.807068103952692260e-03
1.193984962406015029e+03	6.788923137458604921e-03
1.195989974937343277e+03	6.773844526054810175e-03
1.197994987468671752e+03	6.761861455697700148e-03
1.200000000000000000e+03	6.752996867551013492e-03
