4.000000000000000000e+02	4.337536316566318641e-03
4.020050125313283047e+02	4.664832790124842123e-03
4.040100250626566663e+02	5.037659190773665849e-03
4.060150375939849710e+02	5.413540226283346767e-03
4.080200501253132757e+02	5.751571691190363218e-03
4.100250626566415804e+02	6.016784144440806385e-03
4.120300751879699419e+02	6.183502951363386950e-03
4.140350877192982466e+02	6.237445615835597243e-03
4.160401002506265513e+02	6.176465523039843981e-03
4.180451127819549129e+02	6.010004397454007420e-03
4.200501253132832176e+02	5.757439582277017014e-03
4.220551378446115223e+02	5.445598860164388780e-03
4.240601503759398270e+02	5.105762956558187494e-03
4.260651629072681885e+02	4.770486480489075608e-03
4.280701754385964932e+02	4.470547105731700367e-03
4.300751879699247979e+02	4.232287078834205164e-03
4.320802005012531026e+02	4.075548091910134903e-03
4.340852130325814642e+02	4.012327649639120704e-03
4.360902255639097689e+02	4.046209427508187101e-03
4.380952380952380736e+02	4.172548264660910257e-03
4.401002506265664351e+02	4.379327928934434282e-03
4.421052631578947398e+02	4.648560951450150802e-03
4.441102756892230445e+02	4.958067432038117117e-03
4.461152882205514061e+02	5.283454823414156232e-03
4.481203007518797108e+02	5.600122644195290773e-03
4.501253132832080155e+02	5.885132654542961014e-03
4.521303258145363202e+02	6.118812915361539553e-03
4.541353383458646817e+02	6.285999361016973708e-03
4.561403508771929864e+02	6.376856950226520056e-03
4.581453634085212911e+02	6.387260377282105370e-03
4.601503759398495959e+02	6.318748678611372724e-03
4.621553884711779574e+02	6.178096690663368619e-03
4.641604010025062621e+02	5.976567950072472421e-03
4.661654135338345668e+02	5.728927847104966012e-03
4.681704260651629284e+02	5.452302882093976871e-03
4.701754385964912331e+02	5.164972436581737221e-03
4.721804511278195378e+02	4.885174549485549883e-03
4.741854636591478993e+02	4.629997915744307052e-03
4.761904761904762040e+02	4.414419863143448364e-03
4.781954887218045087e+02	4.250535537078086595e-03
4.802005012531328134e+02	4.147007981506839643e-03
4.822055137844611181e+02	4.108753199732865374e-03
4.842105263157894797e+02	4.136859454477238504e-03
4.862155388471177844e+02	4.228726744867909899e-03
4.882205513784460891e+02	4.378401162915821106e-03
4.902255639097744506e+02	4.577070113190018913e-03
4.922305764411027553e+02	4.813678435377274217e-03
4.942355889724310600e+02	5.075622379207789421e-03
4.962406015037594216e+02	5.349478046313610458e-03
4.982456140350877263e+02	5.621723073374415396e-03
5.002506265664160310e+02	5.879414591389107297e-03
5.022556390977443357e+02	6.110792368725812343e-03
5.042606516290726404e+02	6.305782993087661811e-03
5.062656641604010019e+02	6.456388428356382887e-03
5.082706766917293066e+02	6.556949792540135366e-03
5.102756892230576113e+02	6.604284308750209623e-03
5.122807017543859729e+02	6.597699739574571128e-03
5.142857142857142208e+02	6.538895984802914861e-03
5.162907268170425823e+02	6.431767761762102742e-03
5.182957393483709438e+02	6.282125345888701744e-03
5.203007518796991917e+02	6.097352251599087378e-03
5.223057644110275533e+02	5.886019562734687988e-03
5.243107769423559148e+02	5.657476500085996743e-03
5.263157894736841627e+02	5.421435885911485286e-03
5.283208020050125242e+02	5.187571586451348617e-03
5.303258145363408858e+02	4.965142936711056457e-03
5.323308270676691336e+02	4.762658722923833986e-03
5.343358395989974952e+02	4.587590650870635063e-03
5.363408521303258567e+02	4.446143482698407777e-03
5.383458646616541046e+02	4.343086286953698992e-03
5.403508771929824661e+02	4.281646608358474770e-03
5.423558897243108277e+02	4.263466904226394759e-03
5.443609022556390755e+02	4.288620379265905072e-03
5.463659147869674371e+02	4.355681432886729203e-03
5.483709273182957986e+02	4.461844352958375601e-03
5.503759398496240465e+02	4.603082673713520395e-03
5.523809523809524080e+02	4.774340775748014618e-03
5.543859649122806559e+02	4.969748841562648956e-03
5.563909774436090174e+02	5.182852176042303076e-03
5.583959899749372653e+02	5.406846130423684747e-03
5.604010025062656268e+02	5.634808392539161596e-03
5.624060150375939884e+02	5.859921178655275176e-03
5.644110275689222362e+02	6.075676830220151647e-03
5.664160401002505978e+02	6.276061426291590882e-03
5.684210526315789593e+02	6.455712213065629979e-03
5.704260651629072072e+02	6.610045871937825050e-03
5.724310776942355687e+02	6.735355847857811031e-03
5.744360902255639303e+02	6.828878097956870077e-03
5.764411027568921781e+02	6.888825661960618595e-03
5.784461152882205397e+02	6.914393374652961881e-03
5.804511278195489012e+02	6.905734819077879484e-03
5.824561403508771491e+02	6.863914247784113146e-03
5.844611528822055107e+02	6.790836676024976197e-03
5.864661654135338722e+02	6.689159679363641808e-03
5.884711779448621201e+02	6.562190617455888365e-03
5.904761904761904816e+02	6.413773068363808755e-03
5.924812030075188432e+02	6.248166208485363832e-03
5.944862155388470910e+02	6.069920728264352819e-03
5.964912280701754526e+02	5.883754649874165486e-03
5.984962406015038141e+02	5.694432126311421531e-03
6.005012531328320620e+02	5.506647967192484887e-03
6.025062656641604235e+02	5.324920269206395371e-03
6.045112781954886714e+02	5.153493141411343882e-03
6.065162907268170329e+02	4.996251118654283611e-03
6.085213032581452808e+02	4.856646460162606857e-03
6.105263157894736423e+02	4.737640143228424340e-03
6.125313283208020039e+02	4.641656991028753065e-03
6.145363408521302517e+02	4.570555024985637274e-03
6.165413533834586133e+02	4.525608810613212379e-03
6.185463659147869748e+02	4.507506275518873007e-03
6.205513784461152227e+02	4.516358222245667013e-03
6.225563909774435842e+02	4.551719539265651308e-03
6.245614035087719458e+02	4.612620932178339295e-03
6.265664160401001936e+02	4.697609854787601104e-03
6.285714285714285552e+02	4.804799216236602631e-03
6.305764411027569167e+02	4.931922375050021463e-03
6.325814536340851646e+02	5.076392902346061470e-03
6.345864661654135261e+02	5.235367602551959168e-03
6.365914786967418877e+02	5.405811317993499537e-03
6.385964912280701355e+02	5.584562110509973948e-03
6.406015037593984971e+02	5.768395505105002041e-03
6.426065162907268586e+02	5.954086593585272875e-03
6.446115288220551065e+02	6.138468925947592261e-03
6.466165413533834680e+02	6.318489259639788018e-03
6.486215538847118296e+02	6.491257387462027149e-03
6.506265664160400775e+02	6.654090419654610199e-03
6.526315789473684390e+02	6.804551050748976031e-03
6.546365914786966869e+02	6.940479493495772291e-03
6.566416040100250484e+02	7.060018907498287824e-03
6.586466165413532963e+02	7.161634286407024888e-03
6.606516290726817715e+02	7.244124892509602905e-03
6.626566416040100194e+02	7.306630439626450417e-03
6.646616541353382672e+02	7.348631323246774399e-03
6.666666666666666288e+02	7.369943280141671473e-03
6.686716791979949903e+02	7.370706928038689605e-03
6.706766917293232382e+02	7.351372689500139390e-03
6.726817042606515997e+02	7.312681643410909316e-03
6.746867167919799613e+02	7.255642873227073630e-03
6.766917293233082091e+02	7.181507894353302522e-03
6.786967418546365707e+02	7.091742744856944190e-03
6.807017543859649322e+02	6.987998315435753512e-03
6.827067669172931801e+02	6.872079477443520171e-03
6.847117794486215416e+02	6.745913543153386066e-03
6.867167919799499032e+02	6.611518561593422195e-03
6.887218045112781510e+02	6.470971917454139410e-03
6.907268170426065126e+02	6.326379660901646808e-03
6.927318295739348741e+02	6.179846953698557750e-03
6.947368421052631220e+02	6.033449972801509242e-03
6.967418546365914835e+02	5.889209567431683522e-03
6.987468671679198451e+02	5.749066920258120300e-03
7.007518796992480929e+02	5.614861418445516589e-03
7.027568922305763408e+02	5.488310896461032727e-03
7.047619047619048160e+02	5.370994370175212994e-03
7.067669172932330639e+02	5.264337341322783415e-03
7.087719298245613118e+02	5.169599713125616267e-03
7.107769423558897870e+02	5.087866322081080472e-03
7.127819548872180349e+02	5.020040057778620349e-03
7.147869674185462827e+02	4.966837512279123623e-03
7.167919799498746443e+02	4.928787073183031262e-03
7.187969924812030058e+02	4.906229350093604079e-03
7.208020050125312537e+02	4.899319802788337612e-03
7.228070175438596152e+02	4.908033421055421446e-03
7.248120300751879768e+02	4.932171290808511771e-03
7.268170426065162246e+02	4.971368868724145018e-03
7.288220551378445862e+02	5.025105778178640646e-03
7.308270676691729477e+02	5.092716932610164178e-03
7.328320802005011956e+02	5.173404788484121247e-03
7.348370927318295571e+02	5.266252528666365805e-03
7.368421052631579187e+02	5.370237978060997570e-03
7.388471177944861665e+02	5.484248056681443988e-03
7.408521303258145281e+02	5.607093580715161348e-03
7.428571428571428896e+02	5.737524229418201373e-03
7.448621553884711375e+02	5.874243504631212164e-03
7.468671679197994990e+02	6.015923520130361801e-03
7.488721804511278606e+02	6.161219469693233856e-03
7.508771929824561084e+02	6.308783635450290576e-03
7.528822055137844700e+02	6.457278811582639090e-03
7.548872180451128315e+02	6.605391032498281363e-03
7.568922305764410794e+02	6.751841509056407883e-03
7.588972431077693273e+02	6.895397691009327173e-03
7.609022556390978025e+02	7.034883388397535943e-03
7.629072681704260503e+02	7.169187898989198664e-03
7.649122807017542982e+02	7.297274102831162283e-03
7.669172932330826598e+02	7.418185498430622180e-03
7.689223057644110213e+02	7.531052167883286151e-03
7.709273182957392692e+02	7.635095670294729173e-03
7.729323308270676307e+02	7.729632874017280594e-03
7.749373433583959923e+02	7.814078748469609551e-03
7.769423558897242401e+02	7.887948145572695052e-03
7.789473684210526017e+02	7.950856609083924859e-03
7.809523809523809632e+02	8.002520257327571523e-03
7.829573934837092111e+02	8.042754791000632231e-03
7.849624060150375726e+02	8.071473682892587112e-03
7.869674185463659342e+02	8.088685610521621078e-03
7.889724310776941820e+02	8.094491195894381111e-03
7.909774436090225436e+02	8.089079118890932577e-03
7.929824561403509051e+02	8.072721672211827584e-03
7.949874686716791530e+02	8.045769826464226407e-03
7.969924812030075145e+02	8.008647873871767298e-03
7.989974937343358761e+02	7.961847718336986443e-03
8.010025062656641239e+02	7.905922878234923276e-03
8.030075187969924855e+02	7.841482266442288684e-03
8.050125313283208470e+02	7.769183809776420216e-03
8.070175438596490949e+02	7.689727967299466588e-03
8.090225563909773427e+02	7.603851203902211968e-03
8.110275689223058180e+02	7.512319472276519049e-03
8.130325814536340658e+02	7.415921752876445013e-03
8.150375939849623137e+02	7.315463697807134472e-03
8.170426065162906752e+02	7.211761420818381570e-03
8.190476190476190368e+02	7.105635471758250422e-03
8.210526315789472847e+02	6.997905030005126432e-03
8.230576441102756462e+02	6.889382347576773237e-03
8.250626566416040077e+02	6.780867468844909395e-03
8.270676691729322556e+02	6.673143250091071420e-03
8.290726817042606172e+02	6.566970698546385765e-03
8.310776942355889787e+02	6.463084647085695807e-03
8.330827067669172266e+02	6.362189777408656412e-03
8.350877192982455881e+02	6.264957001354222975e-03
8.370927318295739497e+02	6.172020206966491972e-03
8.390977443609021975e+02	6.083973373070043072e-03
8.411027568922305591e+02	6.001368053426794219e-03
8.431077694235589206e+02	5.924711229036796513e-03
8.451127819548871685e+02	5.854463524815011616e-03
8.471177944862155300e+02	5.791037784726205638e-03
8.491228070175438916e+02	5.734797997489195220e-03
8.511278195488721394e+02	5.686058563167407584e-03
8.531328320802005010e+02	5.645083889345513424e-03
8.551378446115288625e+02	5.612088304143974214e-03
8.571428571428571104e+02	5.587236272044763218e-03
8.591478696741853582e+02	5.570642897385830357e-03
8.611528822055138335e+02	5.562374699424152413e-03
8.631578947368420813e+02	5.562450642063130127e-03
8.651629072681703292e+02	5.570843400683461906e-03
8.671679197994988044e+02	5.587480848001538485e-03
8.691729323308270523e+02	5.612247740500540122e-03
8.711779448621553001e+02	5.644987586730011546e-03
8.731829573934836617e+02	5.685504678642978697e-03
8.751879699248120232e+02	5.733566267130560563e-03
8.771929824561402711e+02	5.788904863014819428e-03
8.791979949874686326e+02	5.851220644963388111e-03
8.812030075187969942e+02	5.920183956091383884e-03
8.832080200501252421e+02	5.995437871404725449e-03
8.852130325814536036e+02	6.076600818712011090e-03
8.872180451127819651e+02	6.163269236180375470e-03
8.892230576441102130e+02	6.255020250326473984e-03
8.912280701754385746e+02	6.351414358912513096e-03
8.932330827067669361e+02	6.451998103947709402e-03
8.952380952380951840e+02	6.556306720776805021e-03
8.972431077694235455e+02	6.663866750054662537e-03
8.992481203007519071e+02	6.774198600260564716e-03
9.012531328320801549e+02	6.886819049283707077e-03
9.032581453634085165e+02	7.001243674512678226e-03
9.052631578947368780e+02	7.116989201772800505e-03
9.072681704260651259e+02	7.233575764378274119e-03
9.092731829573933737e+02	7.350529064486017831e-03
9.112781954887218490e+02	7.467382429858017943e-03
9.132832080200500968e+02	7.583678760047026131e-03
9.152882205513784584e+02	7.698972356914655923e-03
9.172932330827067062e+02	7.812830635266934318e-03
9.192982456140350678e+02	7.924835710243672768e-03
9.213032581453634293e+02	8.034585858922914034e-03
9.233082706766916772e+02	8.141696854395348223e-03
9.253132832080200387e+02	8.245803171324369088e-03
9.273182957393482866e+02	8.346559062728983389e-03
9.293233082706766481e+02	8.443639508413031472e-03
9.313283208020050097e+02	8.536741036105879171e-03
9.333333333333332575e+02	8.625582416982139483e-03
9.353383458646616191e+02	8.709905237783688997e-03
9.373433583959899806e+02	8.789474352282035385e-03
9.393483709273182285e+02	8.864078215285809206e-03
9.413533834586465900e+02	8.933529102822360818e-03
9.433583959899749516e+02	8.997663222500829755e-03
9.453634085213031994e+02	9.056340718398569328e-03
9.473684210526315610e+02	9.109445575103840287e-03
9.493734335839599225e+02	9.156885425797380018e-03
9.513784461152881704e+02	9.198591269462040240e-03
9.533834586466165320e+02	9.234517102478689843e-03
9.553884711779447798e+02	9.264639469996957880e-03
9.573934837092731414e+02	9.288956942562910657e-03
9.593984962406015029e+02	9.307489523545533702e-03
9.614035087719297508e+02	9.320277992931707417e-03
9.634085213032581123e+02	9.327383193055725774e-03
9.654135338345864739e+02	9.328885261799101797e-03
9.674185463659147217e+02	9.324882818738491549e-03
9.694235588972430833e+02	9.315492109639268020e-03
9.714285714285714448e+02	9.300846114588874614e-03
9.734335839598996927e+02	9.281093624942421405e-03
9.754385964912280542e+02	9.256398294112656855e-03
9.774436090225563021e+02	9.226937667081267988e-03
9.794486215538846636e+02	9.192902193339609271e-03
9.814536340852130252e+02	9.154494227786611621e-03
9.834586466165412730e+02	9.111927023921351579e-03
9.854636591478696346e+02	9.065423723469238915e-03
9.874686716791979961e+02	9.015216346376801748e-03
9.894736842105262440e+02	8.961544784899664468e-03
9.914786967418546055e+02	8.904655805296183071e-03
9.934837092731829671e+02	8.844802060423701331e-03
9.954887218045112149e+02	8.782241116318954127e-03
9.974937343358395765e+02	8.717234495628382873e-03
9.994987468671679380e+02	8.650046740540453388e-03
1.001503759398496186e+03	8.580944497659918554e-03
1.003508771929824547e+03	8.510195627055565371e-03
1.005513784461152795e+03	8.438068337508384045e-03
1.007518796992481157e+03	8.364830349787065814e-03
1.009523809523809518e+03	8.290748089582224145e-03
1.011528822055137766e+03	8.216085911542825304e-03
1.013533834586466128e+03	8.141105355673422181e-03
1.015538847117794489e+03	8.066064437176039686e-03
1.017543859649122737e+03	7.991216970648938600e-03
1.019548872180451099e+03	7.916811929392617714e-03
1.021553884711779460e+03	7.843092840417339312e-03
1.023558897243107708e+03	7.770297215597605535e-03
1.025563909774436070e+03	7.698656019278308886e-03
1.027568922305764318e+03	7.628393172502871168e-03
1.029573934837092565e+03	7.559725093907993139e-03
1.031578947368421041e+03	7.492860277209151959e-03
1.033583959899749289e+03	7.427998905090638614e-03
1.035588972431077764e+03	7.365332499207555977e-03
1.037593984962406012e+03	7.305043605910473484e-03
1.039598997493734259e+03	7.247305517211897335e-03
1.041604010025062507e+03	7.192282026429332176e-03
1.043609022556390983e+03	7.140127217862868823e-03
1.045614035087719230e+03	7.090985289792474042e-03
1.047619047619047706e+03	7.044990410015756696e-03
1.049624060150375954e+03	7.002266603088078654e-03
1.051629072681704201e+03	6.962927668371680749e-03
1.053634085213032449e+03	6.927077127954559509e-03
1.055639097744360697e+03	6.894808203455176851e-03
1.057644110275689172e+03	6.866203820692787577e-03
1.059649122807017648e+03	6.841336641169544486e-03
1.061654135338345895e+03	6.820269119283184356e-03
1.063659147869674143e+03	6.803053584164806683e-03
1.065664160401002391e+03	6.789732345017413656e-03
1.067669172932330639e+03	6.780337818815325435e-03
1.069674185463659114e+03	6.774892679213539819e-03
1.071679197994987589e+03	6.773410025507470809e-03
1.073684210526315837e+03	6.775893570480706792e-03
1.075689223057644085e+03	6.782337845975690803e-03
1.077694235588972333e+03	6.792728425025955884e-03
1.079699248120300581e+03	6.807042159392503664e-03
1.081704260651629056e+03	6.825247431355365921e-03
1.083709273182957304e+03	6.847304418621528305e-03
1.085714285714285779e+03	6.873165371223644363e-03
1.087719298245614027e+03	6.902774899298328923e-03
1.089724310776942275e+03	6.936070270651484640e-03
1.091729323308270523e+03	6.972981717036103727e-03
1.093734335839598998e+03	7.013432748089208635e-03
1.095739348370927246e+03	7.057340471899168667e-03
1.097744360902255721e+03	7.104615921196245909e-03
1.099749373433583969e+03	7.155164384187233557e-03
1.101754385964912217e+03	7.208885739081836476e-03
1.103759398496240465e+03	7.265674791385578341e-03
1.105764411027568940e+03	7.325421613064877005e-03
1.107769423558897188e+03	7.388011882719829407e-03
1.109774436090225663e+03	7.453327225930579843e-03
1.111779448621553911e+03	7.521245554976851988e-03
1.113784461152882159e+03	7.591641407160786524e-03
1.115789473684210407e+03	7.664386280997696928e-03
1.117794486215538655e+03	7.739348969572226386e-03
1.119799498746867130e+03	7.816395890391764079e-03
1.121804511278195605e+03	7.895391411101676873e-03
1.123809523809523853e+03	7.976198170462835135e-03
1.125814536340852101e+03	8.058677394025111351e-03
1.127819548872180349e+03	8.142689203964619329e-03
1.129824561403508596e+03	8.228092922586981856e-03
1.131829573934837072e+03	8.314747369032860630e-03
1.133834586466165320e+03	8.402511148755117260e-03
1.135839598997493795e+03	8.491242935370676287e-03
1.137844611528822043e+03	8.580801744522968330e-03
1.139849624060150290e+03	8.671047199423012261e-03
1.141854636591478538e+03	8.761839787769839377e-03
1.143859649122807014e+03	8.853041109780883031e-03
1.145864661654135261e+03	8.944514117095294162e-03
1.147869674185463737e+03	9.036123342342194595e-03
1.149874686716791985e+03	9.127735119194957392e-03
1.151879699248120232e+03	9.219217792761828442e-03
1.153884711779448480e+03	9.310441920190419551e-03
1.155889724310776955e+03	9.401280461390718740e-03
1.157894736842105203e+03	9.491608959806656365e-03
1.159899749373433679e+03	9.581305713192355897e-03
1.161904761904761926e+03	9.670251934372106964e-03
1.163909774436090174e+03	9.758331901987021828e-03
1.165914786967418422e+03	9.845433101254071756e-03
1.167919799498746670e+03	9.931446354782390989e-03
1.169924812030075145e+03	1.001626594351446263e-02
1.171929824561403620e+03	1.009978971787732320e-02
1.173934837092731868e+03	1.018191919924761255e-02
1.175939849624060116e+03	1.026255967185165860e-02
1.177944862155388364e+03	1.034162026523763496e-02
1.179949874686716612e+03	1.041901402747215724e-02
1.181954887218045087e+03	1.049465798922792105e-02
1.183959899749373335e+03	1.056847321894184219e-02
1.185964912280701810e+03	1.064038486923571218e-02
1.187969924812030058e+03	1.071032221480232478e-02
1.189974937343358306e+03	1.077821868197025371e-02
1.191979949874686554e+03	1.084401187016969907e-02
1.193984962406015029e+03	1.090764356553080260e-02
1.195989974937343277e+03	1.096905974685241994e-02
1.197994987468671752e+03	1.102821058418626543e-02
1.200000000000000000e+03	1.108505043028765527e-02
