4.000000000000000000e+02	4.983516400221523791e-03
4.020050125313283047e+02	5.022282481559372548e-03
4.040100250626566663e+02	5.043304149910986592e-03
4.060150375939849710e+02	5.044311527500135693e-03
4.080200501253132757e+02	5.026013831814282566e-03
4.100250626566415804e+02	4.991823977134093523e-03
4.120300751879699419e+02	4.947226582392541192e-03
4.140350877192982466e+02	4.898910219834454703e-03
4.160401002506265513e+02	4.853803454277133556e-03
4.180451127819549129e+02	4.818151701778849126e-03
4.200501253132832176e+02	4.796751575468391829e-03
4.220551378446115223e+02	4.792426381611657009e-03
4.240601503759398270e+02	4.805786799728127730e-03
4.260651629072681885e+02	4.835280472626942751e-03
4.280701754385964932e+02	4.877498387762908665e-03
4.300751879699247979e+02	4.927678375575783587e-03
4.320802005012531026e+02	4.980329020895451521e-03
4.340852130325814642e+02	5.029891397896104829e-03
4.360902255639097689e+02	5.071360472693418713e-03
4.380952380952380736e+02	5.100800834944798148e-03
4.401002506265664351e+02	5.115709992389001239e-03
4.421052631578947398e+02	5.115203902014720319e-03
4.441102756892230445e+02	5.100020957077434046e-03
4.461152882205514061e+02	5.072359963124791100e-03
4.481203007518797108e+02	5.035582992917311991e-03
4.501253132832080155e+02	4.993824374362405664e-03
4.521303258145363202e+02	4.951552077693053937e-03
4.541353383458646817e+02	4.913127660368552148e-03
4.561403508771929864e+02	4.882406397834122141e-03
4.581453634085212911e+02	4.862411291173885861e-03
4.601503759398495959e+02	4.855104485465792409e-03
4.621553884711779574e+02	4.861268476939413496e-03
4.641604010025062621e+02	4.880498474137299342e-03
4.661654135338345668e+02	4.911297379408209943e-03
4.681704260651629284e+02	4.951256811918942902e-03
4.701754385964912331e+02	4.997301877574519130e-03
4.721804511278195378e+02	5.045974211395500009e-03
4.741854636591478993e+02	5.093727131202410198e-03
4.761904761904762040e+02	5.137208294923583697e-03
4.781954887218045087e+02	5.173508637044698516e-03
4.802005012531328134e+02	5.200361064070188090e-03
4.822055137844611181e+02	5.216277866778251671e-03
4.842105263157894797e+02	5.220621525091511013e-03
4.862155388471177844e+02	5.213609063289130138e-03
4.882205513784460891e+02	5.196254970327633324e-03
4.902255639097744506e+02	5.170261648332003315e-03
4.922305764411027553e+02	5.137869217970995189e-03
4.942355889724310600e+02	5.101678223666667768e-03
4.962406015037594216e+02	5.064459368461139525e-03
4.982456140350877263e+02	5.028963967740492785e-03
5.002506265664160310e+02	4.997747499293660536e-03
5.022556390977443357e+02	4.973016637682195484e-03
5.042606516290726404e+02	4.956507705376368179e-03
5.062656641604010019e+02	4.949401765372697486e-03
5.082706766917293066e+02	4.952278822093985830e-03
5.102756892230576113e+02	4.965110968683889188e-03
5.122807017543859729e+02	4.987291968147866163e-03
5.142857142857142208e+02	5.017698796345647534e-03
5.162907268170425823e+02	5.054779181876546505e-03
5.182957393483709438e+02	5.096658189047490774e-03
5.203007518796991917e+02	5.141256407816827481e-03
5.223057644110275533e+02	5.186412310446306302e-03
5.243107769423559148e+02	5.230001754950912296e-03
5.263157894736841627e+02	5.270048388035810348e-03
5.283208020050125242e+02	5.304819740977711161e-03
5.303258145363408858e+02	5.332905031668182597e-03
5.323308270676691336e+02	5.353271996603863395e-03
5.343358395989974952e+02	5.365301395929897646e-03
5.363408521303258567e+02	5.368799090804123389e-03
5.383458646616541046e+02	5.363986726291074432e-03
5.403508771929824661e+02	5.351473020035172126e-03
5.423558897243108277e+02	5.332208427156000415e-03
5.443609022556390755e+02	5.307426509394927786e-03
5.463659147869674371e+02	5.278575678641089265e-03
5.483709273182957986e+02	5.247245119781807944e-03
5.503759398496240465e+02	5.215088642564038972e-03
5.523809523809524080e+02	5.183749990823223464e-03
5.543859649122806559e+02	5.154792778692848104e-03
5.563909774436090174e+02	5.129637758546057823e-03
5.583959899749372653e+02	5.109509586592941681e-03
5.604010025062656268e+02	5.095394670733843952e-03
5.624060150375939884e+02	5.088011090988486633e-03
5.644110275689222362e+02	5.087791002193864376e-03
5.664160401002505978e+02	5.094875384655072996e-03
5.684210526315789593e+02	5.109120519869869356e-03
5.704260651629072072e+02	5.130115149761240931e-03
5.724310776942355687e+02	5.157206939010764227e-03
5.744360902255639303e+02	5.189536606717593502e-03
5.764411027568921781e+02	5.226077927259820989e-03
5.784461152882205397e+02	5.265681718780823410e-03
5.804511278195489012e+02	5.307121935854392826e-03
5.824561403508771491e+02	5.349142052690276060e-03
5.844611528822055107e+02	5.390500054822523583e-03
5.864661654135338722e+02	5.430010539320934138e-03
5.884711779448621201e+02	5.466582644177777305e-03
5.904761904761904816e+02	5.499252774477559821e-03
5.924812030075188432e+02	5.527211354435282095e-03
5.944862155388470910e+02	5.549823099344530601e-03
5.964912280701754526e+02	5.566640559998749065e-03
5.984962406015038141e+02	5.577410935704185668e-03
6.005012531328320620e+02	5.582076373599241872e-03
6.025062656641604235e+02	5.580768166258000262e-03
6.045112781954886714e+02	5.573795422713663864e-03
6.065162907268170329e+02	5.561628917861530588e-03
6.085213032581452808e+02	5.544880920873782038e-03
6.105263157894736423e+02	5.524281865215759958e-03
6.125313283208020039e+02	5.500654752600438353e-03
6.145363408521302517e+02	5.474888183130190503e-03
6.165413533834586133e+02	5.447908877000532529e-03
6.185463659147869748e+02	5.420654503009694238e-03
6.205513784461152227e+02	5.394047559561726719e-03
6.225563909774435842e+02	5.368970968850423318e-03
6.245614035087719458e+02	5.346245948443309470e-03
6.265664160401001936e+02	5.326612620421048404e-03
6.285714285714285552e+02	5.310713710223076423e-03
6.305764411027569167e+02	5.299081578776975755e-03
6.325814536340851646e+02	5.292128725371470464e-03
6.345864661654135261e+02	5.290141797714469074e-03
6.365914786967418877e+02	5.293279051927971164e-03
6.385964912280701355e+02	5.301571120680486152e-03
6.406015037593984971e+02	5.314924873632167861e-03
6.426065162907268586e+02	5.333130091843205946e-03
6.446115288220551065e+02	5.355868627352534245e-03
6.466165413533834680e+02	5.382725680985904482e-03
6.486215538847118296e+02	5.413202805476327768e-03
6.506265664160400775e+02	5.446732226754768744e-03
6.526315789473684390e+02	5.482692073112502978e-03
6.546365914786966869e+02	5.520422108953674731e-03
6.566416040100250484e+02	5.559239585975993096e-03
6.586466165413532963e+02	5.598454848644803840e-03
6.606516290726817715e+02	5.637386361477821073e-03
6.626566416040100194e+02	5.675374861611280977e-03
6.646616541353382672e+02	5.711796380045514911e-03
6.666666666666666288e+02	5.746073917567247856e-03
6.686716791979949903e+02	5.777687605383581039e-03
6.706766917293232382e+02	5.806183224822985232e-03
6.726817042606515997e+02	5.831179004019498846e-03
6.746867167919799613e+02	5.852370651373583511e-03
6.766917293233082091e+02	5.869534624986860911e-03
6.786967418546365707e+02	5.882529673546433094e-03
6.807017543859649322e+02	5.891296716773693209e-03
6.827067669172931801e+02	5.895857162177169271e-03
6.847117794486215416e+02	5.896309779210404285e-03
6.867167919799499032e+02	5.892826271910344381e-03
6.887218045112781510e+02	5.885645706662862887e-03
6.907268170426065126e+02	5.875067962992163752e-03
6.927318295739348741e+02	5.861446382366826760e-03
6.947368421052631220e+02	5.845179793192862780e-03
6.967418546365914835e+02	5.826704089718218356e-03
6.987468671679198451e+02	5.806483538839429977e-03
7.007518796992480929e+02	5.785001982147638076e-03
7.027568922305763408e+02	5.762754091365953138e-03
7.047619047619048160e+02	5.740236824007789208e-03
7.067669172932330639e+02	5.717941213025420043e-03
7.087719298245613118e+02	5.696344609804158444e-03
7.107769423558897870e+02	5.675903484469292312e-03
7.127819548872180349e+02	5.657046871459753962e-03
7.147869674185462827e+02	5.640170532018510749e-03
7.167919799498746443e+02	5.625631888955683231e-03
7.187969924812030058e+02	5.613745773032234425e-03
7.208020050125312537e+02	5.604781004830281660e-03
7.228070175438596152e+02	5.598957821234085835e-03
7.248120300751879768e+02	5.596446141822100651e-03
7.268170426065162246e+02	5.597364657713609776e-03
7.288220551378445862e+02	5.601780713839895828e-03
7.308270676691729477e+02	5.609710945311699969e-03
7.328320802005011956e+02	5.621122619586935674e-03
7.348370927318295571e+02	5.635935628545757879e-03
7.368421052631579187e+02	5.654025068359234962e-03
7.388471177944861665e+02	5.675224340185558089e-03
7.408521303258145281e+02	5.699328701208981537e-03
7.428571428571428896e+02	5.726099193303983183e-03
7.448621553884711375e+02	5.755266875595034179e-03
7.468671679197994990e+02	5.786537287312349710e-03
7.488721804511278606e+02	5.819595068528257177e-03
7.508771929824561084e+02	5.854108668498527596e-03
7.528822055137844700e+02	5.889735074325460826e-03
7.548872180451128315e+02	5.926124496395636029e-03
7.568922305764410794e+02	5.962924951415363682e-03
7.588972431077693273e+02	5.999786688758605713e-03
7.609022556390978025e+02	6.036366411147823727e-03
7.629072681704260503e+02	6.072331246299209583e-03
7.649122807017542982e+02	6.107362431978532666e-03
7.669172932330826598e+02	6.141158682834531833e-03
7.689223057644110213e+02	6.173439213314430539e-03
7.709273182957392692e+02	6.203946396834815989e-03
7.729323308270676307e+02	6.232448047107644849e-03
7.749373433583959923e+02	6.258739313038147629e-03
7.769423558897242401e+02	6.282644183859253766e-03
7.789473684210526017e+02	6.304016606098380646e-03
7.809523809523809632e+02	6.322741218544808764e-03
7.829573934837092111e+02	6.338733715567670263e-03
7.849624060150375726e+02	6.351940852901740917e-03
7.869674185463659342e+02	6.362340113355265461e-03
7.889724310776941820e+02	6.369939052790199972e-03
7.909774436090225436e+02	6.374774349181681551e-03
7.929824561403509051e+02	6.376910579580217543e-03
7.949874686716791530e+02	6.376438751390587668e-03
7.969924812030075145e+02	6.373474615556136078e-03
7.989974937343358761e+02	6.368156790018557334e-03
8.010025062656641239e+02	6.360644722228475309e-03
8.030075187969924855e+02	6.351116519540691251e-03
8.050125313283208470e+02	6.339766676062293972e-03
8.070175438596490949e+02	6.326803723963035121e-03
8.090225563909773427e+02	6.312447836434083998e-03
8.110275689223058180e+02	6.296928408422284955e-03
8.130325814536340658e+02	6.280481640004703832e-03
8.150375939849623137e+02	6.263348145829162293e-03
8.170426065162906752e+02	6.245770612462987759e-03
8.190476190476190368e+02	6.227991523789479233e-03
8.210526315789472847e+02	6.210250972798978149e-03
8.230576441102756462e+02	6.192784576262619009e-03
8.250626566416040077e+02	6.175821506876633289e-03
8.270676691729322556e+02	6.159582655547279038e-03
8.290726817042606172e+02	6.144278934567231308e-03
8.310776942355889787e+02	6.130109730539253995e-03
8.330827067669172266e+02	6.117261514042044747e-03
8.350877192982455881e+02	6.105906611226992985e-03
8.370927318295739497e+02	6.096202140793545443e-03
8.390977443609021975e+02	6.088289118127901758e-03
8.411027568922305591e+02	6.082291726813771580e-03
8.431077694235589206e+02	6.078316756245987114e-03
8.451127819548871685e+02	6.076453202698962539e-03
8.471177944862155300e+02	6.076772029935229025e-03
8.491228070175438916e+02	6.079326084282020946e-03
8.511278195488721394e+02	6.084150158060771911e-03
8.531328320802005010e+02	6.091261194329638910e-03
8.551378446115288625e+02	6.100658625087588584e-03
8.571428571428571104e+02	6.112324834394172388e-03
8.591478696741853582e+02	6.126225737277390081e-03
8.611528822055138335e+02	6.142311464831883179e-03
8.631578947368420813e+02	6.160517145546264180e-03
8.651629072681703292e+02	6.180763772639420034e-03
8.671679197994988044e+02	6.202959147025254028e-03
8.691729323308270523e+02	6.226998885458390719e-03
8.711779448621553001e+02	6.252767483435973765e-03
8.731829573934836617e+02	6.280139422533951958e-03
8.751879699248120232e+02	6.308980312037745092e-03
8.771929824561402711e+02	6.339148054976976275e-03
8.791979949874686326e+02	6.370494028988003821e-03
8.812030075187969942e+02	6.402864272799031059e-03
8.832080200501252421e+02	6.436100669552594078e-03
8.852130325814536036e+02	6.470042118646153299e-03
8.872180451127819651e+02	6.504525688271746604e-03
8.892230576441102130e+02	6.539387741369602665e-03
8.912280701754385746e+02	6.574465028267196566e-03
8.932330827067669361e+02	6.609595739851384377e-03
8.952380952380951840e+02	6.644620515710611755e-03
8.972431077694235455e+02	6.679383402280535814e-03
8.992481203007519071e+02	6.713732756626342342e-03
9.012531328320801549e+02	6.747522092091060193e-03
9.032581453634085165e+02	6.780610862630690253e-03
9.052631578947368780e+02	6.812865183235500971e-03
9.072681704260651259e+02	6.844158484402665908e-03
9.092731829573933737e+02	6.874372099172300701e-03
9.112781954887218490e+02	6.903395781765801938e-03
9.132832080200500968e+02	6.931128157367942404e-03
9.152882205513784584e+02	6.957477103072510702e-03
9.172932330827067062e+02	6.982360060460332876e-03
9.192982456140350678e+02	7.005704280700352470e-03
9.213032581453634293e+02	7.027447003454892656e-03
9.233082706766916772e+02	7.047535571229512213e-03
9.253132832080200387e+02	7.065927481136940677e-03
9.273182957393482866e+02	7.082590376339649267e-03
9.293233082706766481e+02	7.097501979700414527e-03
9.313283208020050097e+02	7.110649972402655929e-03
9.333333333333332575e+02	7.122031820502970276e-03
9.353383458646616191e+02	7.131654552549735425e-03
9.373433583959899806e+02	7.139534491541354826e-03
9.393483709273182285e+02	7.145696944610432401e-03
9.413533834586465900e+02	7.150175853904330858e-03
9.433583959899749516e+02	7.153013412189713517e-03
9.453634085213031994e+02	7.154259646742717159e-03
9.473684210526315610e+02	7.153971975094181035e-03
9.493734335839599225e+02	7.152214736187451766e-03
9.513784461152881704e+02	7.149058700472262461e-03
9.533834586466165320e+02	7.144580562405024662e-03
9.553884711779447798e+02	7.138862418757185337e-03
9.573934837092731414e+02	7.131991236045623871e-03
9.593984962406015029e+02	7.124058310300411187e-03
9.614035087719297508e+02	7.115158722271106538e-03
9.634085213032581123e+02	7.105390791049014110e-03
9.654135338345864739e+02	7.094855528949554034e-03
9.674185463659147217e+02	7.083656100355195315e-03
9.694235588972430833e+02	7.071897287071573709e-03
9.714285714285714448e+02	7.059684962594338538e-03
9.734335839598996927e+02	7.047125577524554658e-03
9.754385964912280542e+02	7.034325658209127953e-03
9.774436090225563021e+02	7.021391320517904842e-03
9.794486215538846636e+02	7.008427800503939410e-03
9.814536340852130252e+02	6.995539003528021028e-03
9.834586466165412730e+02	6.982827073264768862e-03
9.854636591478696346e+02	6.970391981843897244e-03
9.874686716791979961e+02	6.958331142221215598e-03
9.894736842105262440e+02	6.946739043716182969e-03
9.914786967418546055e+02	6.935706911500025447e-03
9.934837092731829671e+02	6.925322390669598482e-03
9.954887218045112149e+02	6.915669255397960749e-03
9.974937343358395765e+02	6.906827143514542196e-03
9.994987468671679380e+02	6.898871316734196159e-03
1.001503759398496186e+03	6.891872446627689969e-03
1.003508771929824547e+03	6.885896426305533266e-03
1.005513784461152795e+03	6.881004207672302558e-03
1.007518796992481157e+03	6.877251664001681787e-03
1.009523809523809518e+03	6.874689477480178459e-03
1.011528822055137766e+03	6.873363051274966433e-03
1.013533834586466128e+03	6.873312445592406200e-03
1.015538847117794489e+03	6.874572337114569567e-03
1.017543859649122737e+03	6.877172001126543276e-03
1.019548872180451099e+03	6.881135315581342338e-03
1.021553884711779460e+03	6.886480786288114858e-03
1.023558897243107708e+03	6.893221592356529870e-03
1.025563909774436070e+03	6.901365650982801102e-03
1.027568922305764318e+03	6.910915700621539197e-03
1.029573934837092565e+03	6.921869401553738810e-03
1.031578947368421041e+03	6.934219452831165940e-03
1.033583959899749289e+03	6.947953724555557681e-03
1.035588972431077764e+03	6.963055404432357508e-03
1.037593984962406012e+03	6.979503157526754410e-03
1.039598997493734259e+03	6.997271298142878661e-03
1.041604010025062507e+03	7.016329972743136009e-03
1.043609022556390983e+03	7.036645352828794185e-03
1.045614035087719230e+03	7.058179836706843929e-03
1.047619047619047706e+03	7.080892259080315450e-03
1.049624060150375954e+03	7.104738107412356118e-03
1.051629072681704201e+03	7.129669744032599357e-03
1.053634085213032449e+03	7.155636632974443634e-03
1.055639097744360697e+03	7.182585570556851776e-03
1.057644110275689172e+03	7.210460918749641603e-03
1.059649122807017648e+03	7.239204840391748330e-03
1.061654135338345895e+03	7.268757535361805924e-03
1.063659147869674143e+03	7.299057476835546163e-03
1.065664160401002391e+03	7.330041646797758395e-03
1.067669172932330639e+03	7.361645770014970183e-03
1.069674185463659114e+03	7.393804545711801617e-03
1.071679197994987589e+03	7.426451876233878570e-03
1.073684210526315837e+03	7.459521092019724513e-03
1.075689223057644085e+03	7.492945172244552809e-03
1.077694235588972333e+03	7.526656960541206094e-03
1.079699248120300581e+03	7.560589375243137282e-03
1.081704260651629056e+03	7.594675613637800679e-03
1.083709273182957304e+03	7.628849349758985710e-03
1.085714285714285779e+03	7.663044925289164665e-03
1.087719298245614027e+03	7.697197533182450688e-03
1.089724310776942275e+03	7.731243393661635030e-03
1.091729323308270523e+03	7.765119922279991975e-03
1.093734335839598998e+03	7.798765889779991044e-03
1.095739348370927246e+03	7.832121573518176574e-03
1.097744360902255721e+03	7.865128900263359396e-03
1.099749373433583969e+03	7.897731580211642469e-03
1.101754385964912217e+03	7.929875232096835966e-03
1.103759398496240465e+03	7.961507499309156133e-03
1.105764411027568940e+03	7.992578156967728928e-03
1.107769423558897188e+03	8.023039209924110252e-03
1.109774436090225663e+03	8.052844981703794619e-03
1.111779448621553911e+03	8.081952194421865646e-03
1.113784461152882159e+03	8.110320039735843811e-03
1.115789473684210407e+03	8.137910240924854655e-03
1.117794486215538655e+03	8.164687106208252595e-03
1.119799498746867130e+03	8.190617573440221386e-03
1.121804511278195605e+03	8.215671246337241315e-03
1.123809523809523853e+03	8.239820422416393661e-03
1.125814536340852101e+03	8.263040112839780196e-03
1.127819548872180349e+03	8.285308054377488532e-03
1.129824561403508596e+03	8.306604713717160443e-03
1.131829573934837072e+03	8.326913284361900369e-03
1.133834586466165320e+03	8.346219676370850160e-03
1.135839598997493795e+03	8.364512499207683166e-03
1.137844611528822043e+03	8.381783037972776254e-03
1.139849624060150290e+03	8.398025223301998354e-03
1.141854636591478538e+03	8.413235595223647958e-03
1.143859649122807014e+03	8.427413261269863301e-03
1.145864661654135261e+03	8.440559849144314147e-03
1.147869674185463737e+03	8.452679454251276620e-03
1.149874686716791985e+03	8.463778582393490998e-03
1.151879699248120232e+03	8.473866087948162679e-03
1.153884711779448480e+03	8.482953107830617373e-03
1.155889724310776955e+03	8.491052991554408694e-03
1.157894736842105203e+03	8.498181227695664891e-03
1.159899749373433679e+03	8.504355367067058941e-03
1.161904761904761926e+03	8.509594942903823261e-03
1.163909774436090174e+03	8.513921388359746087e-03
1.165914786967418422e+03	8.517357951608458405e-03
1.167919799498746670e+03	8.519929608837394433e-03
1.169924812030075145e+03	8.521662975418880376e-03
1.171929824561403620e+03	8.522586215534769249e-03
1.173934837092731868e+03	8.522728950524785865e-03
1.175939849624060116e+03	8.522122166221798509e-03
1.177944862155388364e+03	8.520798119529375547e-03
1.179949874686716612e+03	8.518790244488712304e-03
1.181954887218045087e+03	8.516133058074634027e-03
1.183959899749373335e+03	8.512862065950801624e-03
1.185964912280701810e+03	8.509013668405996517e-03
1.187969924812030058e+03	8.504625066684522519e-03
1.189974937343358306e+03	8.499734169914027401e-03
1.191979949874686554e+03	8.494379502825307252e-03
1.193984962406015029e+03	8.488600114449140061e-03
1.195989974937343277e+03	8.482435487965754584e-03
1.197994987468671752e+03	8.475925451872591901e-03
1.200000000000000000e+03	8.469110092627917669e-03
