4.000000000000000000e+02	4.195342489264601571e-02
4.020050125313283047e+02	4.212308383575550513e-02
4.040100250626566663e+02	4.228650353040382809e-02
4.060150375939849710e+02	4.244392957490022295e-02
4.080200501253132757e+02	4.259561006919099224e-02
4.100250626566415804e+02	4.274179491174782269e-02
4.120300751879699419e+02	4.288273514190155816e-02
4.140350877192982466e+02	4.301868232614844412e-02
4.160401002506265513e+02	4.314988798689524396e-02
4.180451127819549129e+02	4.327660307206830648e-02
4.200501253132832176e+02	4.339907746398385946e-02
4.220551378446115223e+02	4.351755952585880521e-02
4.240601503759398270e+02	4.363229568433830974e-02
4.260651629072681885e+02	4.374353004641450687e-02
4.280701754385964932e+02	4.385150404912867977e-02
4.300751879699247979e+02	4.395645614046143901e-02
4.320802005012531026e+02	4.405862148984519833e-02
4.340852130325814642e+02	4.415823172676011654e-02
4.360902255639097689e+02	4.425551470590952108e-02
4.380952380952380736e+02	4.435069429751110209e-02
4.401002506265664351e+02	4.444399020127662303e-02
4.421052631578947398e+02	4.453561778270280491e-02
4.441102756892230445e+02	4.462578793033521174e-02
4.461152882205514061e+02	4.471470693271767383e-02
4.481203007518797108e+02	4.480257637378731034e-02
4.501253132832080155e+02	4.488959304552217477e-02
4.521303258145363202e+02	4.497594887669682795e-02
4.541353383458646817e+02	4.506183087665509984e-02
4.561403508771929864e+02	4.514742109304881179e-02
4.581453634085212911e+02	4.523289658254742163e-02
4.601503759398495959e+02	4.531842939356679062e-02
4.621553884711779574e+02	4.540418656011125514e-02
4.641604010025062621e+02	4.549033010587093251e-02
4.661654135338345668e+02	4.557701705775900336e-02
4.681704260651629284e+02	4.566439946811499950e-02
4.701754385964912331e+02	4.575262444484767821e-02
4.721804511278195378e+02	4.584183418882303851e-02
4.741854636591478993e+02	4.593216603785163499e-02
4.761904761904762040e+02	4.602375251665654504e-02
4.781954887218045087e+02	4.611672139225086314e-02
4.802005012531328134e+02	4.621119573417763887e-02
4.822055137844611181e+02	4.630729397910687134e-02
4.842105263157894797e+02	4.640512999931117877e-02
4.862155388471177844e+02	4.650481317457356989e-02
4.882205513784460891e+02	4.660644846711015782e-02
4.902255639097744506e+02	4.671013649911955751e-02
4.922305764411027553e+02	4.681597363259338423e-02
4.942355889724310600e+02	4.692405205105082411e-02
4.962406015037594216e+02	4.703445984288444348e-02
4.982456140350877263e+02	4.714728108602250084e-02
5.002506265664160310e+02	4.726259593363892064e-02
5.022556390977443357e+02	4.738048070066034484e-02
5.042606516290726404e+02	4.750100795083981448e-02
5.062656641604010019e+02	4.762424658418386997e-02
5.082706766917293066e+02	4.775026192453387525e-02
5.102756892230576113e+02	4.787911580712696236e-02
5.122807017543859729e+02	4.801086666596614955e-02
5.142857142857142208e+02	4.814556962085217440e-02
5.162907268170425823e+02	4.828327656393852779e-02
5.182957393483709438e+02	4.842403624568285964e-02
5.203007518796991917e+02	4.856789436008348421e-02
5.223057644110275533e+02	4.871489362909776910e-02
5.243107769423559148e+02	4.886507388614937109e-02
5.263157894736841627e+02	4.901847215864257867e-02
5.283208020050125242e+02	4.917512274940841893e-02
5.303258145363408858e+02	4.933505731701879476e-02
5.323308270676691336e+02	4.949830495491019250e-02
5.343358395989974952e+02	4.966489226926577849e-02
5.363408521303258567e+02	4.983484345561220441e-02
5.383458646616541046e+02	5.000818037409406058e-02
5.403508771929824661e+02	5.018492262339391274e-02
5.423558897243108277e+02	5.036508761327083278e-02
5.443609022556390755e+02	5.054869063569558674e-02
5.463659147869674371e+02	5.073574493456644435e-02
5.483709273182957986e+02	5.092626177399118409e-02
5.503759398496240465e+02	5.112025050512845892e-02
5.523809523809524080e+02	5.131771863157994634e-02
5.543859649122806559e+02	5.151867187333318554e-02
5.563909774436090174e+02	5.172311422925560120e-02
5.583959899749372653e+02	5.193104803814225373e-02
5.604010025062656268e+02	5.214247403832383831e-02
5.624060150375939884e+02	5.235739142584189959e-02
5.644110275689222362e+02	5.257579791120391144e-02
5.664160401002505978e+02	5.279768977472701352e-02
5.684210526315789593e+02	5.302306192048655137e-02
5.704260651629072072e+02	5.325190792888315899e-02
5.724310776942355687e+02	5.348422010784525948e-02
5.744360902255639303e+02	5.371998954268471238e-02
5.764411027568921781e+02	5.395920614462346165e-02
5.784461152882205397e+02	5.420185869801347200e-02
5.804511278195489012e+02	5.444793490626442800e-02
5.824561403508771491e+02	5.469742143650817290e-02
5.844611528822055107e+02	5.495030396301520820e-02
5.864661654135338722e+02	5.520656720938636741e-02
5.884711779448621201e+02	5.546619498954822453e-02
5.904761904761904816e+02	5.572917024756288140e-02
5.924812030075188432e+02	5.599547509628997194e-02
5.944862155388470910e+02	5.626509085491186724e-02
5.964912280701754526e+02	5.653799808535252963e-02
5.984962406015038141e+02	5.681417662761176907e-02
6.005012531328320620e+02	5.709360563403546168e-02
6.025062656641604235e+02	5.737626360255144303e-02
6.045112781954886714e+02	5.766212840888856883e-02
6.065162907268170329e+02	5.795117733780480451e-02
6.085213032581452808e+02	5.824338711334672153e-02
6.105263157894736423e+02	5.853873392816608123e-02
6.125313283208020039e+02	5.883719347191112420e-02
6.145363408521302517e+02	5.913874095871947401e-02
6.165413533834586133e+02	5.944335115383417995e-02
6.185463659147869748e+02	5.975099839936158508e-02
6.205513784461152227e+02	6.006165663919833808e-02
6.225563909774435842e+02	6.037529944314395242e-02
6.245614035087719458e+02	6.069190003022234547e-02
6.265664160401001936e+02	6.101143129123333397e-02
6.285714285714285552e+02	6.133386581055273040e-02
6.305764411027569167e+02	6.165917588720265519e-02
6.325814536340851646e+02	6.198733355521252042e-02
6.345864661654135261e+02	6.231831060328586053e-02
6.365914786967418877e+02	6.265207859379841315e-02
6.385964912280701355e+02	6.298860888113877454e-02
6.406015037593984971e+02	6.332787262941645678e-02
6.426065162907268586e+02	6.366984082955103041e-02
6.446115288220551065e+02	6.401448431575997022e-02
6.466165413533834680e+02	6.436177378146604178e-02
6.486215538847118296e+02	6.471167979463383901e-02
6.506265664160400775e+02	6.506417281256075824e-02
6.526315789473684390e+02	6.541922319612974990e-02
6.546365914786966869e+02	6.577680122354549741e-02
6.566416040100250484e+02	6.613687710356642990e-02
6.586466165413532963e+02	6.649942098824800085e-02
6.606516290726817715e+02	6.686440298521051373e-02
6.626566416040100194e+02	6.723179316944866146e-02
6.646616541353382672e+02	6.760156159469392356e-02
6.666666666666666288e+02	6.797367830434321301e-02
6.686716791979949903e+02	6.834811334196806698e-02
6.706766917293232382e+02	6.872483676141630249e-02
6.726817042606515997e+02	6.910381863652027834e-02
6.746867167919799613e+02	6.948502907042046484e-02
6.766917293233082091e+02	6.986843820451861531e-02
6.786967418546365707e+02	7.025401622707293237e-02
6.807017543859649322e+02	7.064173338144286163e-02
6.827067669172931801e+02	7.103155997399629440e-02
6.847117794486215416e+02	7.142346638169257134e-02
6.867167919799499032e+02	7.181742305934578352e-02
6.887218045112781510e+02	7.221340054658144381e-02
6.907268170426065126e+02	7.261136947449906009e-02
6.927318295739348741e+02	7.301130057204401058e-02
6.947368421052631220e+02	7.341316467210171059e-02
6.967418546365914835e+02	7.381693271732327200e-02
6.987468671679198451e+02	7.422257576568987159e-02
7.007518796992480929e+02	7.463006499582285069e-02
7.027568922305763408e+02	7.503937171205363188e-02
7.047619047619048160e+02	7.545046734925241194e-02
7.067669172932330639e+02	7.586332347743214577e-02
7.087719298245613118e+02	7.627791180612800148e-02
7.107769423558897870e+02	7.669420418856676136e-02
7.127819548872180349e+02	7.711217262562544694e-02
7.147869674185462827e+02	7.753178926959332362e-02
7.167919799498746443e+02	7.795302642773747903e-02
7.187969924812030058e+02	7.837585656568413217e-02
7.208020050125312537e+02	7.880025231061749125e-02
7.228070175438596152e+02	7.922618645430498652e-02
7.248120300751879768e+02	7.965363195595392964e-02
7.268170426065162246e+02	8.008256194490429025e-02
7.288220551378445862e+02	8.051294972316448695e-02
7.308270676691729477e+02	8.094476876779514718e-02
7.328320802005011956e+02	8.137799273314746951e-02
7.348370927318295571e+02	8.181259545295677116e-02
7.368421052631579187e+02	8.224855094230139330e-02
7.388471177944861665e+02	8.268583339942926769e-02
7.408521303258145281e+02	8.312441720745619711e-02
7.428571428571428896e+02	8.356427693594196959e-02
7.448621553884711375e+02	8.400538734234708205e-02
7.468671679197994990e+02	8.444772337337520807e-02
7.488721804511278606e+02	8.489126016620575366e-02
7.508771929824561084e+02	8.533597304961802743e-02
7.528822055137844700e+02	8.578183754501626790e-02
7.548872180451128315e+02	8.622882936735140613e-02
7.568922305764410794e+02	8.667692442595130442e-02
7.588972431077693273e+02	8.712609882525629290e-02
7.609022556390978025e+02	8.757632886546795614e-02
7.629072681704260503e+02	8.802759104311090599e-02
7.649122807017542982e+02	8.847986205151574246e-02
7.669172932330826598e+02	8.893311878121809566e-02
7.689223057644110213e+02	8.938733832028546156e-02
7.709273182957392692e+02	8.984249795457048549e-02
7.729323308270676307e+02	9.029857516789160932e-02
7.749373433583959923e+02	9.075554764214754933e-02
7.769423558897242401e+02	9.121339325736638193e-02
7.789473684210526017e+02	9.167209009169342837e-02
7.809523809523809632e+02	9.213161642131531548e-02
7.829573934837092111e+02	9.259195072033105101e-02
7.849624060150375726e+02	9.305307166056273060e-02
7.869674185463659342e+02	9.351495811131717295e-02
7.889724310776941820e+02	9.397758913909312617e-02
7.909774436090225436e+02	9.444094400724226124e-02
7.929824561403509051e+02	9.490500217558209273e-02
7.949874686716791530e+02	9.536974329996020239e-02
7.969924812030075145e+02	9.583514723178311601e-02
7.989974937343358761e+02	9.630119401749565045e-02
8.010025062656641239e+02	9.676786389802630173e-02
8.030075187969924855e+02	9.723513730819126344e-02
8.050125313283208470e+02	9.770299487606383393e-02
8.070175438596490949e+02	9.817141742230954538e-02
8.090225563909773427e+02	9.864038595948593224e-02
8.110275689223058180e+02	9.910988169131375314e-02
8.130325814536340658e+02	9.957988601191535005e-02
8.150375939849623137e+02	1.000503805050256129e-01
8.170426065162906752e+02	1.005213469431751605e-01
8.190476190476190368e+02	1.009927672868465715e-01
8.210526315789472847e+02	1.014646236836079657e-01
8.230576441102756462e+02	1.019368984672202882e-01
8.250626566416040077e+02	1.024095741567231932e-01
8.270676691729322556e+02	1.028826334555006383e-01
8.290726817042606172e+02	1.033560592503241088e-01
8.310776942355889787e+02	1.038298346103788683e-01
8.330827067669172266e+02	1.043039427862697127e-01
8.350877192982455881e+02	1.047783672090122908e-01
8.370927318295739497e+02	1.052530914890046770e-01
8.390977443609021975e+02	1.057280994149880082e-01
8.411027568922305591e+02	1.062033749529890103e-01
8.431077694235589206e+02	1.066789022452505620e-01
8.451127819548871685e+02	1.071546656091503513e-01
8.471177944862155300e+02	1.076306495361055854e-01
8.491228070175438916e+02	1.081068386904684431e-01
8.511278195488721394e+02	1.085832179084105231e-01
8.531328320802005010e+02	1.090597721967963007e-01
8.551378446115288625e+02	1.095364867320512275e-01
8.571428571428571104e+02	1.100133468590178271e-01
8.591478696741853582e+02	1.104903380898064197e-01
8.611528822055138335e+02	1.109674461026377013e-01
8.631578947368420813e+02	1.114446567406788824e-01
8.651629072681703292e+02	1.119219560108745404e-01
8.671679197994988044e+02	1.123993300827747371e-01
8.691729323308270523e+02	1.128767652873529787e-01
8.711779448621553001e+02	1.133542481158239940e-01
8.731829573934836617e+02	1.138317652184560186e-01
8.751879699248120232e+02	1.143093034033831751e-01
8.771929824561402711e+02	1.147868496354109147e-01
8.791979949874686326e+02	1.152643910348200157e-01
8.812030075187969942e+02	1.157419148761719557e-01
8.832080200501252421e+02	1.162194085871093435e-01
8.852130325814536036e+02	1.166968597471567670e-01
8.872180451127819651e+02	1.171742560865214472e-01
8.892230576441102130e+02	1.176515854848928511e-01
8.912280701754385746e+02	1.181288359702413193e-01
8.932330827067669361e+02	1.186059957176213292e-01
8.952380952380951840e+02	1.190830530479698585e-01
8.972431077694235455e+02	1.195599964269103699e-01
8.992481203007519071e+02	1.200368144635567680e-01
9.012531328320801549e+02	1.205134959093162594e-01
9.032581453634085165e+02	1.209900296567011091e-01
9.052631578947368780e+02	1.214664047381326245e-01
9.072681704260651259e+02	1.219426103247583937e-01
9.092731829573933737e+02	1.224186357252643464e-01
9.112781954887218490e+02	1.228944703846934772e-01
9.132832080200500968e+02	1.233701038832665797e-01
9.152882205513784584e+02	1.238455259352066046e-01
9.172932330827067062e+02	1.243207263875674567e-01
9.192982456140350678e+02	1.247956952190651947e-01
9.213032581453634293e+02	1.252704225389147663e-01
9.233082706766916772e+02	1.257448985856690904e-01
9.253132832080200387e+02	1.262191137260652851e-01
9.273182957393482866e+02	1.266930584538713822e-01
9.293233082706766481e+02	1.271667233887425752e-01
9.313283208020050097e+02	1.276400992750790220e-01
9.333333333333332575e+02	1.281131769808895593e-01
9.353383458646616191e+02	1.285859474966599136e-01
9.373433583959899806e+02	1.290584019342268796e-01
9.393483709273182285e+02	1.295305315256599088e-01
9.413533834586465900e+02	1.300023276221427271e-01
9.433583959899749516e+02	1.304737816928664418e-01
9.453634085213031994e+02	1.309448853239253141e-01
9.473684210526315610e+02	1.314156302172183044e-01
9.493734335839599225e+02	1.318860081893580838e-01
9.513784461152881704e+02	1.323560111705850140e-01
9.533834586466165320e+02	1.328256312036856235e-01
9.553884711779447798e+02	1.332948604429224915e-01
9.573934837092731414e+02	1.337636911529627159e-01
9.593984962406015029e+02	1.342321157078202598e-01
9.614035087719297508e+02	1.347001265898001288e-01
9.634085213032581123e+02	1.351677163884491550e-01
9.654135338345864739e+02	1.356348777995155241e-01
9.674185463659147217e+02	1.361016036239127980e-01
9.694235588972430833e+02	1.365678867666936802e-01
9.714285714285714448e+02	1.370337202360227546e-01
9.734335839598996927e+02	1.374990971421682917e-01
9.754385964912280542e+02	1.379640106964862833e-01
9.774436090225563021e+02	1.384284542104269600e-01
9.794486215538846636e+02	1.388924210945315374e-01
9.814536340852130252e+02	1.393559048574512793e-01
9.834586466165412730e+02	1.398188991049597318e-01
9.854636591478696346e+02	1.402813975389847478e-01
9.874686716791979961e+02	1.407433939566355152e-01
9.894736842105262440e+02	1.412048822492446010e-01
9.914786967418546055e+02	1.416658564014151855e-01
9.934837092731829671e+02	1.421263104900729601e-01
9.954887218045112149e+02	1.425862386835235196e-01
9.974937343358395765e+02	1.430456352405261311e-01
9.994987468671679380e+02	1.435044945093630619e-01
1.001503759398496186e+03	1.439628109269213141e-01
1.003508771929824547e+03	1.444205790177801874e-01
1.005513784461152795e+03	1.448777933933086681e-01
1.007518796992481157e+03	1.453344487507658434e-01
1.009523809523809518e+03	1.457905398724096135e-01
1.011528822055137766e+03	1.462460616246108458e-01
1.013533834586466128e+03	1.467010089569836251e-01
1.015538847117794489e+03	1.471553769015020718e-01
1.017543859649122737e+03	1.476091605716497168e-01
1.019548872180451099e+03	1.480623551615550815e-01
1.021553884711779460e+03	1.485149559451460766e-01
1.023558897243107708e+03	1.489669582753053168e-01
1.025563909774436070e+03	1.494183575830335953e-01
1.027568922305764318e+03	1.498691493766249050e-01
1.029573934837092565e+03	1.503193292408385728e-01
1.031578947368421041e+03	1.507688928360874092e-01
1.033583959899749289e+03	1.512178358976276615e-01
1.035588972431077764e+03	1.516661542347593761e-01
1.037593984962406012e+03	1.521138437300290636e-01
1.039598997493734259e+03	1.525609003384391094e-01
1.041604010025062507e+03	1.530073200866720051e-01
1.043609022556390983e+03	1.534530990723093902e-01
1.045614035087719230e+03	1.538982334630672466e-01
1.047619047619047706e+03	1.543427194960299287e-01
1.049624060150375954e+03	1.547865534769001794e-01
1.051629072681704201e+03	1.552297317792451226e-01
1.053634085213032449e+03	1.556722508437564656e-01
1.055639097744360697e+03	1.561141071775152822e-01
1.057644110275689172e+03	1.565552973532603198e-01
1.059649122807017648e+03	1.569958180086651056e-01
1.061654135338345895e+03	1.574356658456223523e-01
1.063659147869674143e+03	1.578748376295346090e-01
1.065664160401002391e+03	1.583133301886061328e-01
1.067669172932330639e+03	1.587511404131506099e-01
1.069674185463659114e+03	1.591882652548932686e-01
1.071679197994987589e+03	1.596247017262905354e-01
1.073684210526315837e+03	1.600604468998466645e-01
1.075689223057644085e+03	1.604954979074471599e-01
1.077694235588972333e+03	1.609298519396806237e-01
1.079699248120300581e+03	1.613635062451898305e-01
1.081704260651629056e+03	1.617964581300063431e-01
1.083709273182957304e+03	1.622287049569094419e-01
1.085714285714285779e+03	1.626602441447781155e-01
1.087719298245614027e+03	1.630910731679541814e-01
1.089724310776942275e+03	1.635211895556127615e-01
1.091729323308270523e+03	1.639505908911346455e-01
1.093734335839598998e+03	1.643792748114882019e-01
1.095739348370927246e+03	1.648072390066126491e-01
1.097744360902255721e+03	1.652344812188137335e-01
1.099749373433583969e+03	1.656609992421544941e-01
1.101754385964912217e+03	1.660867909218638472e-01
1.103759398496240465e+03	1.665118541537412011e-01
1.105764411027568940e+03	1.669361868835750051e-01
1.107769423558897188e+03	1.673597871065559128e-01
1.109774436090225663e+03	1.677826528667040185e-01
1.111779448621553911e+03	1.682047822563018102e-01
1.113784461152882159e+03	1.686261734153245706e-01
1.115789473684210407e+03	1.690468245308859307e-01
1.117794486215538655e+03	1.694667338366809550e-01
1.119799498746867130e+03	1.698858996124379128e-01
1.121804511278195605e+03	1.703043201833765452e-01
1.123809523809523853e+03	1.707219939196677194e-01
1.125814536340852101e+03	1.711389192358994393e-01
1.127819548872180349e+03	1.715550945905544300e-01
1.129824561403508596e+03	1.719705184854772029e-01
1.131829573934837072e+03	1.723851894653659067e-01
1.133834586466165320e+03	1.727991061172542420e-01
1.135839598997493795e+03	1.732122670700009526e-01
1.137844611528822043e+03	1.736246709937930843e-01
1.139849624060150290e+03	1.740363165996388906e-01
1.141854636591478538e+03	1.744472026388842467e-01
1.143859649122807014e+03	1.748573279027150484e-01
1.145864661654135261e+03	1.752666912216745976e-01
1.147869674185463737e+03	1.756752914651896202e-01
1.149874686716791985e+03	1.760831275410856267e-01
1.151879699248120232e+03	1.764901983951267239e-01
1.153884711779448480e+03	1.768965030105421055e-01
1.155889724310776955e+03	1.773020404075657530e-01
1.157894736842105203e+03	1.777068096429859911e-01
1.159899749373433679e+03	1.781108098096831904e-01
1.161904761904761926e+03	1.785140400361900914e-01
1.163909774436090174e+03	1.789164994862411651e-01
1.165914786967418422e+03	1.793181873583388486e-01
1.167919799498746670e+03	1.797191028853160621e-01
1.169924812030075145e+03	1.801192453339030275e-01
1.171929824561403620e+03	1.805186140043048559e-01
1.173934837092731868e+03	1.809172082297770823e-01
1.175939849624060116e+03	1.813150273762046683e-01
1.177944862155388364e+03	1.817120708416910257e-01
1.179949874686716612e+03	1.821083380561469844e-01
1.181954887218045087e+03	1.825038284808823130e-01
1.183959899749373335e+03	1.828985416082061222e-01
1.185964912280701810e+03	1.832924769610275728e-01
1.187969924812030058e+03	1.836856340924580278e-01
1.189974937343358306e+03	1.840780125854272198e-01
1.191979949874686554e+03	1.844696120522892613e-01
1.193984962406015029e+03	1.848604321344438361e-01
1.195989974937343277e+03	1.852504725019550602e-01
1.197994987468671752e+03	1.856397328531775581e-01
1.200000000000000000e+03	1.860282129143795427e-01
