4.000000000000000000e+02	8.374607828281206701e-03
4.020050125313283047e+02	8.356140050849530931e-03
4.040100250626566663e+02	8.344106611881160762e-03
4.060150375939849710e+02	8.339216893899839556e-03
4.080200501253132757e+02	8.342047768909968686e-03
4.100250626566415804e+02	8.353041585540193006e-03
4.120300751879699419e+02	8.372506463220604281e-03
4.140350877192982466e+02	8.400618685049794990e-03
4.160401002506265513e+02	8.437426966537195372e-03
4.180451127819549129e+02	8.482858368664454238e-03
4.200501253132832176e+02	8.536725620079371746e-03
4.220551378446115223e+02	8.598735614092736443e-03
4.240601503759398270e+02	8.668498850882772402e-03
4.260651629072681885e+02	8.745539603331657294e-03
4.280701754385964932e+02	8.829306595666115698e-03
4.300751879699247979e+02	8.919183997019098156e-03
4.320802005012531026e+02	9.014502546682056153e-03
4.340852130325814642e+02	9.114550643726303941e-03
4.360902255639097689e+02	9.218585250426604427e-03
4.380952380952380736e+02	9.325842476150772442e-03
4.401002506265664351e+02	9.435547725755657686e-03
4.421052631578947398e+02	9.546925313765145318e-03
4.441102756892230445e+02	9.659207462447950976e-03
4.461152882205514061e+02	9.771642618150857412e-03
4.481203007518797108e+02	9.883503035699275213e-03
4.501253132832080155e+02	9.994091595208292461e-03
4.521303258145363202e+02	1.010274782914423117e-02
4.541353383458646817e+02	1.020885314985626839e-02
4.561403508771929864e+02	1.031183527900373514e-02
4.581453634085212911e+02	1.041117189031377441e-02
4.601503759398495959e+02	1.050639348589758708e-02
4.621553884711779574e+02	1.059708553395470945e-02
4.641604010025062621e+02	1.068288990212144449e-02
4.661654135338345668e+02	1.076350562602446277e-02
4.681704260651629284e+02	1.083868905682704338e-02
4.701754385964912331e+02	1.090825343478044746e-02
4.721804511278195378e+02	1.097206793807479000e-02
4.741854636591478993e+02	1.103005625771174940e-02
4.761904761904762040e+02	1.108219474976500883e-02
4.781954887218045087e+02	1.112851021634267759e-02
4.802005012531328134e+02	1.116907736589834235e-02
4.822055137844611181e+02	1.120401600233269547e-02
4.842105263157894797e+02	1.123348799066860304e-02
4.862155388471177844e+02	1.125769404504009703e-02
4.882205513784460891e+02	1.127687038238395049e-02
4.902255639097744506e+02	1.129128528262536915e-02
4.922305764411027553e+02	1.130123559337159120e-02
4.942355889724310600e+02	1.130704321421987200e-02
4.962406015037594216e+02	1.130905159280688570e-02
4.982456140350877263e+02	1.130762226171226105e-02
5.002506265664160310e+02	1.130313144232753496e-02
5.022556390977443357e+02	1.129596673883913154e-02
5.042606516290726404e+02	1.128652394258903603e-02
5.062656641604010019e+02	1.127520396428358801e-02
5.082706766917293066e+02	1.126240990884887390e-02
5.102756892230576113e+02	1.124854430518993677e-02
5.122807017543859729e+02	1.123400650071538186e-02
5.142857142857142208e+02	1.121919022824790883e-02
5.162907268170425823e+02	1.120448135085796645e-02
5.182957393483709438e+02	1.119025578823961559e-02
5.203007518796991917e+02	1.117687762648883303e-02
5.223057644110275533e+02	1.116469741155220151e-02
5.243107769423559148e+02	1.115405062517542227e-02
5.263157894736841627e+02	1.114525634090078425e-02
5.283208020050125242e+02	1.113861605652879776e-02
5.303258145363408858e+02	1.113441269846804013e-02
5.323308270676691336e+02	1.113290979254199196e-02
5.343358395989974952e+02	1.113435079509176966e-02
5.363408521303258567e+02	1.113895857760490750e-02
5.383458646616541046e+02	1.114693505760238658e-02
5.403508771929824661e+02	1.115846096811953791e-02
5.423558897243108277e+02	1.117369575781747108e-02
5.443609022556390755e+02	1.119277761354589389e-02
5.463659147869674371e+02	1.121582359704484562e-02
5.483709273182957986e+02	1.124292988740761140e-02
5.503759398496240465e+02	1.127417212092844158e-02
5.523809523809524080e+02	1.130960582001532336e-02
5.543859649122806559e+02	1.134926690295641125e-02
5.563909774436090174e+02	1.139317226648067956e-02
5.583959899749372653e+02	1.144132043324495168e-02
5.604010025062656268e+02	1.149369225660322284e-02
5.624060150375939884e+02	1.155025167526665605e-02
5.644110275689222362e+02	1.161094651073930721e-02
5.664160401002505978e+02	1.167570930070960591e-02
5.684210526315789593e+02	1.174445816188852791e-02
5.704260651629072072e+02	1.181709767610938065e-02
5.724310776942355687e+02	1.189351979383380421e-02
5.744360902255639303e+02	1.197360474954767620e-02
5.764411027568921781e+02	1.205722198387022825e-02
5.784461152882205397e+02	1.214423106754073181e-02
5.804511278195489012e+02	1.223448262278726412e-02
5.824561403508771491e+02	1.232781923791830166e-02
5.844611528822055107e+02	1.242407637130972173e-02
5.864661654135338722e+02	1.252308324128453484e-02
5.884711779448621201e+02	1.262466369870082414e-02
5.904761904761904816e+02	1.272863707937157800e-02
5.924812030075188432e+02	1.283481903374035678e-02
5.944862155388470910e+02	1.294302233152342871e-02
5.964912280701754526e+02	1.305305763930908643e-02
5.984962406015038141e+02	1.316473426936926039e-02
6.005012531328320620e+02	1.327786089819262688e-02
6.025062656641604235e+02	1.339224625349134945e-02
6.045112781954886714e+02	1.350769976866131664e-02
6.065162907268170329e+02	1.362403220389259845e-02
6.085213032581452808e+02	1.374105623333193513e-02
6.105263157894736423e+02	1.385858699788840645e-02
6.125313283208020039e+02	1.397644262345320611e-02
6.145363408521302517e+02	1.409444470447059929e-02
6.165413533834586133e+02	1.421241875295036795e-02
6.185463659147869748e+02	1.433019461315491842e-02
6.205513784461152227e+02	1.444760684232437344e-02
6.225563909774435842e+02	1.456449505792029205e-02
6.245614035087719458e+02	1.468070425197959099e-02
6.265664160401001936e+02	1.479608507326446616e-02
6.285714285714285552e+02	1.491049407798195232e-02
6.305764411027569167e+02	1.502379394992508707e-02
6.325814536340851646e+02	1.513585369095322812e-02
6.345864661654135261e+02	1.524654878278860169e-02
6.365914786967418877e+02	1.535576132115635400e-02
6.385964912280701355e+02	1.546338012333651167e-02
6.406015037593984971e+02	1.556930081023172319e-02
6.426065162907268586e+02	1.567342586407935098e-02
6.446115288220551065e+02	1.577566466295971664e-02
6.466165413533834680e+02	1.587593349326315434e-02
6.486215538847118296e+02	1.597415554128841716e-02
6.506265664160400775e+02	1.607026086514714430e-02
6.526315789473684390e+02	1.616418634814566907e-02
6.546365914786966869e+02	1.625587563480909714e-02
6.566416040100250484e+02	1.634527905070081930e-02
6.586466165413532963e+02	1.643235350717554138e-02
6.606516290726817715e+02	1.651706239218429795e-02
6.626566416040100194e+02	1.659937544822912003e-02
6.646616541353382672e+02	1.667926863853973207e-02
6.666666666666666288e+02	1.675672400251710867e-02
6.686716791979949903e+02	1.683172950145999519e-02
6.706766917293232382e+02	1.690427885555915999e-02
6.726817042606515997e+02	1.697437137311137365e-02
6.746867167919799613e+02	1.704201177287048910e-02
6.766917293233082091e+02	1.710721000041892995e-02
6.786967418546365707e+02	1.716998103940641646e-02
6.807017543859649322e+02	1.723034471846549009e-02
6.827067669172931801e+02	1.728832551457757175e-02
6.847117794486215416e+02	1.734395235362624216e-02
6.867167919799499032e+02	1.739725840883503752e-02
6.887218045112781510e+02	1.744828089775291025e-02
6.907268170426065126e+02	1.749706087841167851e-02
6.927318295739348741e+02	1.754364304524340043e-02
6.947368421052631220e+02	1.758807552531078261e-02
6.967418546365914835e+02	1.763040967536686279e-02
6.987468671679198451e+02	1.767069988022679922e-02
7.007518796992480929e+02	1.770900335289963753e-02
7.027568922305763408e+02	1.774537993689594140e-02
7.047619047619048160e+02	1.777989191109398404e-02
7.067669172932330639e+02	1.781260379751694115e-02
7.087719298245613118e+02	1.784358217234246341e-02
7.107769423558897870e+02	1.787289548043861920e-02
7.127819548872180349e+02	1.790061385368950028e-02
7.147869674185462827e+02	1.792680893334975059e-02
7.167919799498746443e+02	1.795155369663972017e-02
7.187969924812030058e+02	1.797492228776841061e-02
7.208020050125312537e+02	1.799698985354929864e-02
7.228070175438596152e+02	1.801783238374953661e-02
7.248120300751879768e+02	1.803752655629345392e-02
7.268170426065162246e+02	1.805614958742079307e-02
7.288220551378445862e+02	1.807377908688062931e-02
7.308270676691729477e+02	1.809049291822396183e-02
7.328320802005011956e+02	1.810636906424192491e-02
7.348370927318295571e+02	1.812148549757945301e-02
7.368421052631579187e+02	1.813592005654030351e-02
7.388471177944861665e+02	1.814975032608490135e-02
7.408521303258145281e+02	1.816305352401038561e-02
7.428571428571428896e+02	1.817590639228865157e-02
7.448621553884711375e+02	1.818838509352927596e-02
7.468671679197994990e+02	1.820056511252149747e-02
7.488721804511278606e+02	1.821252116280257585e-02
7.508771929824561084e+02	1.822432709818895546e-02
7.528822055137844700e+02	1.823605582920043502e-02
7.548872180451128315e+02	1.824777924429941620e-02
7.568922305764410794e+02	1.825956813586185334e-02
7.588972431077693273e+02	1.827149213078919573e-02
7.609022556390978025e+02	1.828361962566769222e-02
7.629072681704260503e+02	1.829601772637454854e-02
7.649122807017542982e+02	1.830875219202890772e-02
7.669172932330826598e+02	1.832188738317926460e-02
7.689223057644110213e+02	1.833548621411874163e-02
7.709273182957392692e+02	1.834961010921648539e-02
7.729323308270676307e+02	1.836431896314924539e-02
7.749373433583959923e+02	1.837967110491959752e-02
7.769423558897242401e+02	1.839572326554228879e-02
7.789473684210526017e+02	1.841253054928150557e-02
7.809523809523809632e+02	1.843014640832095138e-02
7.829573934837092111e+02	1.844862262074843315e-02
7.849624060150375726e+02	1.846800927173580797e-02
7.869674185463659342e+02	1.848835473779782829e-02
7.889724310776941820e+02	1.850970567401089006e-02
7.909774436090225436e+02	1.853210700407682127e-02
7.929824561403509051e+02	1.855560191311556376e-02
7.949874686716791530e+02	1.858023184307278086e-02
7.969924812030075145e+02	1.860603649062985213e-02
7.989974937343358761e+02	1.863305380750526416e-02
8.010025062656641239e+02	1.866132000303787411e-02
8.030075187969924855e+02	1.869086954894479125e-02
8.050125313283208470e+02	1.872173518614877671e-02
8.070175438596490949e+02	1.875394793357024539e-02
8.090225563909773427e+02	1.878753709878512590e-02
8.110275689223058180e+02	1.882253029044681988e-02
8.130325814536340658e+02	1.885895343237751348e-02
8.150375939849623137e+02	1.889683077923392032e-02
8.170426065162906752e+02	1.893618493365431879e-02
8.190476190476190368e+02	1.897703686479932164e-02
8.210526315789472847e+02	1.901940592819745257e-02
8.230576441102756462e+02	1.906330988681189526e-02
8.250626566416040077e+02	1.910876493324544997e-02
8.270676691729322556e+02	1.915578571300532648e-02
8.290726817042606172e+02	1.920438534874824299e-02
8.310776942355889787e+02	1.925457546543335452e-02
8.330827067669172266e+02	1.930636621630978100e-02
8.350877192982455881e+02	1.935976630966826720e-02
8.370927318295739497e+02	1.941478303629079472e-02
8.390977443609021975e+02	1.947142229753160911e-02
8.411027568922305591e+02	1.952968863396915139e-02
8.431077694235589206e+02	1.958958525456578476e-02
8.451127819548871685e+02	1.965111406627928145e-02
8.471177944862155300e+02	1.971427570407041641e-02
8.491228070175438916e+02	1.977906956125185037e-02
8.511278195488721394e+02	1.984549382012767982e-02
8.531328320802005010e+02	1.991354548287447776e-02
8.551378446115288625e+02	1.998322040261712659e-02
8.571428571428571104e+02	2.005451331465334108e-02
8.591478696741853582e+02	2.012741786778508499e-02
8.611528822055138335e+02	2.020192665571507104e-02
8.631578947368420813e+02	2.027803124846951424e-02
8.651629072681703292e+02	2.035572222380961291e-02
8.671679197994988044e+02	2.043498919859711507e-02
8.691729323308270523e+02	2.051582086007922717e-02
8.711779448621553001e+02	2.059820499706157756e-02
8.731829573934836617e+02	2.068212853093946355e-02
8.751879699248120232e+02	2.076757754655740931e-02
8.771929824561402711e+02	2.085453732287121525e-02
8.791979949874686326e+02	2.094299236338680037e-02
8.812030075187969942e+02	2.103292642635101392e-02
8.832080200501252421e+02	2.112432255467302025e-02
8.852130325814536036e+02	2.121716310555436108e-02
8.872180451127819651e+02	2.131142977980752390e-02
8.892230576441102130e+02	2.140710365084579070e-02
8.912280701754385746e+02	2.150416519332576382e-02
8.932330827067669361e+02	2.160259431142666497e-02
8.952380952380951840e+02	2.170237036675263034e-02
8.972431077694235455e+02	2.180347220584288523e-02
8.992481203007519071e+02	2.190587818727808556e-02
9.012531328320801549e+02	2.200956620837001693e-02
9.032581453634085165e+02	2.211451373142616153e-02
9.052631578947368780e+02	2.222069780957654922e-02
9.072681704260651259e+02	2.232809511215708836e-02
9.092731829573933737e+02	2.243668194963904447e-02
9.112781954887218490e+02	2.254643429809956648e-02
9.132832080200500968e+02	2.265732782322635655e-02
9.152882205513784584e+02	2.276933790385034587e-02
9.172932330827067062e+02	2.288243965500310825e-02
9.192982456140350678e+02	2.299660795049457071e-02
9.213032581453634293e+02	2.311181744500739876e-02
9.233082706766916772e+02	2.322804259570543026e-02
9.253132832080200387e+02	2.334525768335592166e-02
9.273182957393482866e+02	2.346343683296106195e-02
9.293233082706766481e+02	2.358255403390200483e-02
9.313283208020050097e+02	2.370258315959097514e-02
9.333333333333332575e+02	2.382349798663536272e-02
9.353383458646616191e+02	2.394527221351233984e-02
9.373433583959899806e+02	2.406787947875581660e-02
9.393483709273182285e+02	2.419129337865806931e-02
9.413533834586465900e+02	2.431548748448731506e-02
9.433583959899749516e+02	2.444043535922384852e-02
9.453634085213031994e+02	2.456611057381788074e-02
9.473684210526315610e+02	2.469248672297262928e-02
9.493734335839599225e+02	2.481953744045502924e-02
9.513784461152881704e+02	2.494723641393924857e-02
9.533834586466165320e+02	2.507555739938601910e-02
9.553884711779447798e+02	2.520447423496359127e-02
9.573934837092731414e+02	2.533396085451296645e-02
9.593984962406015029e+02	2.546399130056463747e-02
9.614035087719297508e+02	2.559453973691018860e-02
9.634085213032581123e+02	2.572558046073465318e-02
9.654135338345864739e+02	2.585708791431598486e-02
9.674185463659147217e+02	2.598903669629572602e-02
9.694235588972430833e+02	2.612140157252813844e-02
9.714285714285714448e+02	2.625415748651341655e-02
9.734335839598996927e+02	2.638727956942036809e-02
9.754385964912280542e+02	2.652074314970649313e-02
9.774436090225563021e+02	2.665452376234000303e-02
9.794486215538846636e+02	2.678859715763155444e-02
9.814536340852130252e+02	2.692293930968178012e-02
9.834586466165412730e+02	2.705752642445114972e-02
9.854636591478696346e+02	2.719233494745953647e-02
9.874686716791979961e+02	2.732734157112080842e-02
9.894736842105262440e+02	2.746252324172157588e-02
9.914786967418546055e+02	2.759785716604903211e-02
9.934837092731829671e+02	2.773332081767432289e-02
9.954887218045112149e+02	2.786889194290155178e-02
9.974937343358395765e+02	2.800454856638571327e-02
9.994987468671679380e+02	2.814026899642815827e-02
1.001503759398496186e+03	2.827603182995698863e-02
1.003508771929824547e+03	2.841181595719855998e-02
1.005513784461152795e+03	2.854760056604634458e-02
1.007518796992481157e+03	2.868336514613641780e-02
1.009523809523809518e+03	2.881908949263357542e-02
1.011528822055137766e+03	2.895475370973699461e-02
1.013533834586466128e+03	2.909033821391137156e-02
1.015538847117794489e+03	2.922582373685089080e-02
1.017543859649122737e+03	2.936119132818152191e-02
1.019548872180451099e+03	2.949642235791014380e-02
1.021553884711779460e+03	2.963149851862566589e-02
1.023558897243107708e+03	2.976640182745977567e-02
1.025563909774436070e+03	2.990111462781226345e-02
1.027568922305764318e+03	3.003561959084969507e-02
1.029573934837092565e+03	3.016989971678214755e-02
1.031578947368421041e+03	3.030393833592412781e-02
1.033583959899749289e+03	3.043771910954775825e-02
1.035588972431077764e+03	3.057122603053226070e-02
1.037593984962406012e+03	3.070444342381737496e-02
1.039598997493734259e+03	3.083735594666606183e-02
1.041604010025062507e+03	3.096994858874241308e-02
1.043609022556390983e+03	3.110220667201103739e-02
1.045614035087719230e+03	3.123411585046335232e-02
1.047619047619047706e+03	3.136566210967677709e-02
1.049624060150375954e+03	3.149683176621185382e-02
1.051629072681704201e+03	3.162761146685399982e-02
1.053634085213032449e+03	3.175798818770356885e-02
1.055639097744360697e+03	3.188794923312159718e-02
1.057644110275689172e+03	3.201748223453455833e-02
1.059649122807017648e+03	3.214657514910514852e-02
1.061654135338345895e+03	3.227521625827235729e-02
1.063659147869674143e+03	3.240339416616729723e-02
1.065664160401002391e+03	3.253109779790887973e-02
1.067669172932330639e+03	3.265831639778423584e-02
1.069674185463659114e+03	3.278503952731893351e-02
1.071679197994987589e+03	3.291125706324165429e-02
1.073684210526315837e+03	3.303695919534613279e-02
1.075689223057644085e+03	3.316213642425838021e-02
1.077694235588972333e+03	3.328677955910987196e-02
1.079699248120300581e+03	3.341087971512281263e-02
1.081704260651629056e+03	3.353442831111129452e-02
1.083709273182957304e+03	3.365741706690290186e-02
1.085714285714285779e+03	3.377983800068302955e-02
1.087719298245614027e+03	3.390168342626851544e-02
1.089724310776942275e+03	3.402294595031156443e-02
1.091729323308270523e+03	3.414361846943973072e-02
1.093734335839598998e+03	3.426369416733431039e-02
1.095739348370927246e+03	3.438316651175179345e-02
1.097744360902255721e+03	3.450202925149031818e-02
1.099749373433583969e+03	3.462027641330667899e-02
1.101754385964912217e+03	3.473790229878359614e-02
1.103759398496240465e+03	3.485490148115557435e-02
1.105764411027568940e+03	3.497126880209075472e-02
1.107769423558897188e+03	3.508699936843698297e-02
1.109774436090225663e+03	3.520208854893039363e-02
1.111779448621553911e+03	3.531653197087309543e-02
1.113784461152882159e+03	3.543032551678089448e-02
1.115789473684210407e+03	3.554346532100381012e-02
1.117794486215538655e+03	3.565594776632224211e-02
1.119799498746867130e+03	3.576776948052153710e-02
1.121804511278195605e+03	3.587892733294757025e-02
1.123809523809523853e+03	3.598941843104434823e-02
1.125814536340852101e+03	3.609924011687849765e-02
1.127819548872180349e+03	3.620838996365036838e-02
1.129824561403508596e+03	3.631686577219469386e-02
1.131829573934837072e+03	3.642466556747453454e-02
1.133834586466165320e+03	3.653178759506778284e-02
1.135839598997493795e+03	3.663823031765094107e-02
1.137844611528822043e+03	3.674399241147886103e-02
1.139849624060150290e+03	3.684907276286657901e-02
1.141854636591478538e+03	3.695347046467117175e-02
1.143859649122807014e+03	3.705718481277636700e-02
1.145864661654135261e+03	3.716021530258349637e-02
1.147869674185463737e+03	3.726256162550788120e-02
1.149874686716791985e+03	3.736422366548334401e-02
1.151879699248120232e+03	3.746520149547631628e-02
1.153884711779448480e+03	3.756549537401102090e-02
1.155889724310776955e+03	3.766510574170648523e-02
1.157894736842105203e+03	3.776403321782756395e-02
1.159899749373433679e+03	3.786227859685033920e-02
1.161904761904761926e+03	3.795984284504365369e-02
1.163909774436090174e+03	3.805672709706908047e-02
1.165914786967418422e+03	3.815293265259642186e-02
1.167919799498746670e+03	3.824846097294173214e-02
1.169924812030075145e+03	3.834331367772329802e-02
1.171929824561403620e+03	3.843749254154069789e-02
1.173934837092731868e+03	3.853099949067486513e-02
1.175939849624060116e+03	3.862383659981178524e-02
1.177944862155388364e+03	3.871600608879083999e-02
1.179949874686716612e+03	3.880751031937638290e-02
1.181954887218045087e+03	3.889835179205637650e-02
1.183959899749373335e+03	3.898853314286686300e-02
1.185964912280701810e+03	3.907805714024198407e-02
1.187969924812030058e+03	3.916692668189445531e-02
1.189974937343358306e+03	3.925514479172087512e-02
1.191979949874686554e+03	3.934271461673836956e-02
1.193984962406015029e+03	3.942963942404938832e-02
1.195989974937343277e+03	3.951592259783559546e-02
1.197994987468671752e+03	3.960156763638367217e-02
1.200000000000000000e+03	3.968657814914001991e-02
