4.000000000000000000e+02	5.058605628418992063e-03
4.020050125313283047e+02	5.075729411507367422e-03
4.040100250626566663e+02	5.084477001786258214e-03
4.060150375939849710e+02	5.084288542405659625e-03
4.080200501253132757e+02	5.075906656581165126e-03
4.100250626566415804e+02	5.061211415299465312e-03
4.120300751879699419e+02	5.042907828010216933e-03
4.140350877192982466e+02	5.024120896937867703e-03
4.160401002506265513e+02	5.007960373732666878e-03
4.180451127819549129e+02	4.997115259679197306e-03
4.200501253132832176e+02	4.993528295041719037e-03
4.220551378446115223e+02	4.998185482946957206e-03
4.240601503759398270e+02	5.011037749268679523e-03
4.260651629072681885e+02	5.031053780447746968e-03
4.280701754385964932e+02	5.056387174240781386e-03
4.300751879699247979e+02	5.084628963962745454e-03
4.320802005012531026e+02	5.113109308074183582e-03
4.340852130325814642e+02	5.139209928380941185e-03
4.360902255639097689e+02	5.160651345953904887e-03
4.380952380952380736e+02	5.175725223211006913e-03
4.401002506265664351e+02	5.183450979132216314e-03
4.421052631578947398e+02	5.183645984040488597e-03
4.441102756892230445e+02	5.176908790207182705e-03
4.461152882205514061e+02	5.164523927601478992e-03
4.481203007518797108e+02	5.148303976820906187e-03
4.501253132832080155e+02	5.130389426440077651e-03
4.521303258145363202e+02	5.113029049336369029e-03
4.541353383458646817e+02	5.098363295295368740e-03
4.561403508771929864e+02	5.088230826296565902e-03
4.581453634085212911e+02	5.084014306535634097e-03
4.601503759398495959e+02	5.086536479414340700e-03
4.621553884711779574e+02	5.096012016780227839e-03
4.641604010025062621e+02	5.112055172322538081e-03
4.661654135338345668e+02	5.133738388928566973e-03
4.681704260651629284e+02	5.159693062700708259e-03
4.701754385964912331e+02	5.188240887760534568e-03
4.721804511278195378e+02	5.217542696881303892e-03
4.741854636591478993e+02	5.245751451497713234e-03
4.761904761904762040e+02	5.271156895121198449e-03
4.781954887218045087e+02	5.292311162836193378e-03
4.802005012531328134e+02	5.308127083014115705e-03
4.822055137844611181e+02	5.317943741404102496e-03
4.842105263157894797e+02	5.321556833212580384e-03
4.862155388471177844e+02	5.319214163078942771e-03
4.882205513784460891e+02	5.311579165611793676e-03
4.902255639097744506e+02	5.299667361700681652e-03
4.922305764411027553e+02	5.284762144873712125e-03
4.942355889724310600e+02	5.268317168221514635e-03
4.962406015037594216e+02	5.251852885188999787e-03
4.982456140350877263e+02	5.236854536748122499e-03
5.002506265664160310e+02	5.224678153958981809e-03
5.022556390977443357e+02	5.216470060324510973e-03
5.042606516290726404e+02	5.213104025189549753e-03
5.062656641604010019e+02	5.215138752199669110e-03
5.082706766917293066e+02	5.222796894262403747e-03
5.102756892230576113e+02	5.235965365419160619e-03
5.122807017543859729e+02	5.254215451061269512e-03
5.142857142857142208e+02	5.276840162333478780e-03
5.162907268170425823e+02	5.302905479199698270e-03
5.182957393483709438e+02	5.331311599983164749e-03
5.203007518796991917e+02	5.360860064710057903e-03
5.223057644110275533e+02	5.390322630074583128e-03
5.243107769423559148e+02	5.418508016458870556e-03
5.263157894736841627e+02	5.444323083172595591e-03
5.283208020050125242e+02	5.466825571403115605e-03
5.303258145363408858e+02	5.485266236790058841e-03
5.323308270676691336e+02	5.499118926849220525e-03
5.343358395989974952e+02	5.508097897500311042e-03
5.363408521303258567e+02	5.512162367777589771e-03
5.383458646616541046e+02	5.511508949276132559e-03
5.403508771929824661e+02	5.506553131570338794e-03
5.423558897243108277e+02	5.497901439311877157e-03
5.443609022556390755e+02	5.486316191387572219e-03
5.463659147869674371e+02	5.472674985042156638e-03
5.483709273182957986e+02	5.457927102233038445e-03
5.503759398496240465e+02	5.443049000916811049e-03
5.523809523809524080e+02	5.429000923754359262e-03
5.543859649122806559e+02	5.416686447011139459e-03
5.563909774436090174e+02	5.406916521063557211e-03
5.583959899749372653e+02	5.400379239415699362e-03
5.604010025062656268e+02	5.397616233721484053e-03
5.624060150375939884e+02	5.399006245220193574e-03
5.644110275689222362e+02	5.404756083802756544e-03
5.664160401002505978e+02	5.414898868117959049e-03
5.684210526315789593e+02	5.429299154779416124e-03
5.704260651629072072e+02	5.447664320356692194e-03
5.724310776942355687e+02	5.469561362314722883e-03
5.744360902255639303e+02	5.494438137748772384e-03
5.764411027568921781e+02	5.521647962591804196e-03
5.784461152882205397e+02	5.550476447740937576e-03
5.804511278195489012e+02	5.580169449188203401e-03
5.824561403508771491e+02	5.609961052151197537e-03
5.844611528822055107e+02	5.639100588614148063e-03
5.864661654135338722e+02	5.666877797041611382e-03
5.884711779448621201e+02	5.692645365294585029e-03
5.904761904761904816e+02	5.715838245823742433e-03
5.924812030075188432e+02	5.735989289078892266e-03
5.944862155388470910e+02	5.752740900222996952e-03
5.964912280701754526e+02	5.765852579780498047e-03
5.984962406015038141e+02	5.775204355665896835e-03
6.005012531328320620e+02	5.780796247902304091e-03
6.025062656641604235e+02	5.782744024956119021e-03
6.045112781954886714e+02	5.781271609626957575e-03
6.065162907268170329e+02	5.776700571398681039e-03
6.085213032581452808e+02	5.769437200474789203e-03
6.105263157894736423e+02	5.759957696552919955e-03
6.125313283208020039e+02	5.748792023553815980e-03
6.145363408521302517e+02	5.736506981372728464e-03
6.165413533834586133e+02	5.723689029059350099e-03
6.185463659147869748e+02	5.710927362763151306e-03
6.205513784461152227e+02	5.698797708624920265e-03
6.225563909774435842e+02	5.687847237979542538e-03
6.245614035087719458e+02	5.678580952210898584e-03
6.265664160401001936e+02	5.671449819764380791e-03
6.285714285714285552e+02	5.666840880456047724e-03
6.305764411027569167e+02	5.665069464430888720e-03
6.325814536340851646e+02	5.666373606818613309e-03
6.345864661654135261e+02	5.670910675981489027e-03
6.365914786967418877e+02	5.678756174655617307e-03
6.385964912280701355e+02	5.689904620402179251e-03
6.406015037593984971e+02	5.704272365489570715e-03
6.426065162907268586e+02	5.721702177243173648e-03
6.446115288220551065e+02	5.741969368398288850e-03
6.466165413533834680e+02	5.764789243213121715e-03
6.486215538847118296e+02	5.789825608971906068e-03
6.506265664160400775e+02	5.816700093771251349e-03
6.526315789473684390e+02	5.845002009711901605e-03
6.546365914786966869e+02	5.874298505254863141e-03
6.566416040100250484e+02	5.904144760876208452e-03
6.586466165413532963e+02	5.934093997522710794e-03
6.606516290726817715e+02	5.963707086928221948e-03
6.626566416040100194e+02	5.992561575771550644e-03
6.646616541353382672e+02	6.020259961105487757e-03
6.666666666666666288e+02	6.046437081653367220e-03
6.686716791979949903e+02	6.070766517668297127e-03
6.706766917293232382e+02	6.092965920364487413e-03
6.726817042606515997e+02	6.112801219787962308e-03
6.746867167919799613e+02	6.130089686818446758e-03
6.766917293233082091e+02	6.144701850271889164e-03
6.786967418546365707e+02	6.156562293390477683e-03
6.807017543859649322e+02	6.165649375024002780e-03
6.827067669172931801e+02	6.171993939278833281e-03
6.847117794486215416e+02	6.175677093167350647e-03
6.867167919799499032e+02	6.176827144742185437e-03
6.887218045112781510e+02	6.175615804325338722e-03
6.907268170426065126e+02	6.172253758782222759e-03
6.927318295739348741e+02	6.166985733444443028e-03
6.947368421052631220e+02	6.160085158392875244e-03
6.967418546365914835e+02	6.151848555558537233e-03
6.987468671679198451e+02	6.142589760690985411e-03
7.007518796992480929e+02	6.132634089917406509e-03
7.027568922305763408e+02	6.122312554617572768e-03
7.047619047619048160e+02	6.111956220923350780e-03
7.067669172932330639e+02	6.101890801577736050e-03
7.087719298245613118e+02	6.092431558406030331e-03
7.107769423558897870e+02	6.083878583511163028e-03
7.127819548872180349e+02	6.076512516736824396e-03
7.147869674185462827e+02	6.070590746166691642e-03
7.167919799498746443e+02	6.066344127647203127e-03
7.187969924812030058e+02	6.063974248719037306e-03
7.208020050125312537e+02	6.063651252079545369e-03
7.228070175438596152e+02	6.065512223920197822e-03
7.248120300751879768e+02	6.069660143308171045e-03
7.268170426065162246e+02	6.076163380312121082e-03
7.288220551378445862e+02	6.085055722886702559e-03
7.308270676691729477e+02	6.096336905691298810e-03
7.328320802005011956e+02	6.109973608065379612e-03
7.348370927318295571e+02	6.125900883340360155e-03
7.368421052631579187e+02	6.144023977543936615e-03
7.388471177944861665e+02	6.164220492339380839e-03
7.408521303258145281e+02	6.186342844719763812e-03
7.428571428571428896e+02	6.210220974510852025e-03
7.448621553884711375e+02	6.235665250085653186e-03
7.468671679197994990e+02	6.262469522804531112e-03
7.488721804511278606e+02	6.290414281509834789e-03
7.508771929824561084e+02	6.319269859856479175e-03
7.528822055137844700e+02	6.348799651283355827e-03
7.548872180451128315e+02	6.378763288949437261e-03
7.568922305764410794e+02	6.408919750903462574e-03
7.588972431077693273e+02	6.439030354049495551e-03
7.609022556390978025e+02	6.468861604042297313e-03
7.629072681704260503e+02	6.498187872024750039e-03
7.649122807017542982e+02	6.526793873034402935e-03
7.669172932330826598e+02	6.554476924896530075e-03
7.689223057644110213e+02	6.581048970422304946e-03
7.709273182957392692e+02	6.606338349690678985e-03
7.729323308270676307e+02	6.630191313059081819e-03
7.749373433583959923e+02	6.652473269275920899e-03
7.769423558897242401e+02	6.673069766619307321e-03
7.789473684210526017e+02	6.691887208326851091e-03
7.809523809523809632e+02	6.708853306682231558e-03
7.829573934837092111e+02	6.723917282966439604e-03
7.849624060150375726e+02	6.737049823043758309e-03
7.869674185463659342e+02	6.748242800628241438e-03
7.889724310776941820e+02	6.757508782254318357e-03
7.909774436090225436e+02	6.764880329657154898e-03
7.929824561403509051e+02	6.770409116652700322e-03
7.949874686716791530e+02	6.774164878703065225e-03
7.969924812030075145e+02	6.776234214165718049e-03
7.989974937343358761e+02	6.776719256770011128e-03
8.010025062656641239e+02	6.775736239151741030e-03
8.030075187969924855e+02	6.773413967327088919e-03
8.050125313283208470e+02	6.769892225813414419e-03
8.070175438596490949e+02	6.765320132729248613e-03
8.090225563909773427e+02	6.759854463647438187e-03
8.110275689223058180e+02	6.753657962252394668e-03
8.130325814536340658e+02	6.746897654988175640e-03
8.150375939849623137e+02	6.739743185895958645e-03
8.170426065162906752e+02	6.732365186748833982e-03
8.190476190476190368e+02	6.724933696417811219e-03
8.210526315789472847e+02	6.717616642163002499e-03
8.230576441102756462e+02	6.710578394258027296e-03
8.250626566416040077e+02	6.703978404037603915e-03
8.270676691729322556e+02	6.697969934126381079e-03
8.290726817042606172e+02	6.692698888273582690e-03
8.310776942355889787e+02	6.688302746898385290e-03
8.330827067669172266e+02	6.684909613154723339e-03
8.350877192982455881e+02	6.682637373064560966e-03
8.370927318295739497e+02	6.681592972053560994e-03
8.390977443609021975e+02	6.681871809061111327e-03
8.411027568922305591e+02	6.683557248296149826e-03
8.431077694235589206e+02	6.686720247675458431e-03
8.451127819548871685e+02	6.691419102017748949e-03
8.471177944862155300e+02	6.697699298179476436e-03
8.491228070175438916e+02	6.705593478508685076e-03
8.511278195488721394e+02	6.715121508263026395e-03
8.531328320802005010e+02	6.726290641990599790e-03
8.551378446115288625e+02	6.739095783304278713e-03
8.571428571428571104e+02	6.753519831994374799e-03
8.591478696741853582e+02	6.769534112018060421e-03
8.611528822055138335e+02	6.787098873574999754e-03
8.631578947368420813e+02	6.806163862225701917e-03
8.651629072681703292e+02	6.826668947829134769e-03
8.671679197994988044e+02	6.848544805964858033e-03
8.691729323308270523e+02	6.871713644460646954e-03
8.711779448621553001e+02	6.896089967663767903e-03
8.731829573934836617e+02	6.921581371169049056e-03
8.751879699248120232e+02	6.948089359846063712e-03
8.771929824561402711e+02	6.975510182185857416e-03
8.791979949874686326e+02	7.003735674209239301e-03
8.812030075187969942e+02	7.032654106442707241e-03
8.832080200501252421e+02	7.062151027764140832e-03
8.852130325814536036e+02	7.092110100250108122e-03
8.872180451127819651e+02	7.122413919510529531e-03
8.892230576441102130e+02	7.152944815372926785e-03
8.912280701754385746e+02	7.183585628172470781e-03
8.932330827067669361e+02	7.214220456310050864e-03
8.952380952380951840e+02	7.244735371158090784e-03
8.972431077694235455e+02	7.275019095813824513e-03
8.992481203007519071e+02	7.304963644624779158e-03
9.012531328320801549e+02	7.334464920831630305e-03
9.032581453634085165e+02	7.363423270092464036e-03
9.052631578947368780e+02	7.391743988060950864e-03
9.072681704260651259e+02	7.419337780592254704e-03
9.092731829573933737e+02	7.446121175536547093e-03
9.112781954887218490e+02	7.472016885454313764e-03
9.132832080200500968e+02	7.496954120943305835e-03
9.152882205513784584e+02	7.520868854606225194e-03
9.172932330827067062e+02	7.543704036007832167e-03
9.192982456140350678e+02	7.565409758269175250e-03
9.213032581453634293e+02	7.585943377224783901e-03
9.233082706766916772e+02	7.605269584324691502e-03
9.253132832080200387e+02	7.623360434697932196e-03
9.273182957393482866e+02	7.640195332004284107e-03
9.293233082706766481e+02	7.655760971891568262e-03
9.313283208020050097e+02	7.670051246041130824e-03
9.333333333333332575e+02	7.683067108929676932e-03
9.353383458646616191e+02	7.694816409557650103e-03
9.373433583959899806e+02	7.705313690496561931e-03
9.393483709273182285e+02	7.714579956688642423e-03
9.413533834586465900e+02	7.722642416494193349e-03
9.433583959899749516e+02	7.729534197523940491e-03
9.453634085213031994e+02	7.735294039819422263e-03
9.473684210526315610e+02	7.739965968951784819e-03
9.493734335839599225e+02	7.743598951601461666e-03
9.513784461152881704e+02	7.746246536158747642e-03
9.533834586466165320e+02	7.747966480848096811e-03
9.553884711779447798e+02	7.748820371830733751e-03
9.573934837092731414e+02	7.748873233678616260e-03
9.593984962406015029e+02	7.748193134542429722e-03
9.614035087719297508e+02	7.746850788255581904e-03
9.634085213032581123e+02	7.744919155527660477e-03
9.654135338345864739e+02	7.742473046285333789e-03
9.674185463659147217e+02	7.739588725116437751e-03
9.694235588972430833e+02	7.736343521666159614e-03
9.714285714285714448e+02	7.732815447722763032e-03
9.734335839598996927e+02	7.729082822616375158e-03
9.754385964912280542e+02	7.725223908436240107e-03
9.774436090225563021e+02	7.721316556454309483e-03
9.794486215538846636e+02	7.717437866022896359e-03
9.814536340852130252e+02	7.713663857094374583e-03
9.834586466165412730e+02	7.710069157392406350e-03
9.854636591478696346e+02	7.706726705145346308e-03
9.874686716791979961e+02	7.703707468176277870e-03
9.894736842105262440e+02	7.701080180030687311e-03
9.914786967418546055e+02	7.698911093710253221e-03
9.934837092731829671e+02	7.697263753473190286e-03
9.954887218045112149e+02	7.696198785057054535e-03
9.974937343358395765e+02	7.695773704577879917e-03
9.994987468671679380e+02	7.696042746262947432e-03
1.001503759398496186e+03	7.697056709081479160e-03
1.003508771929824547e+03	7.698862822248943305e-03
1.005513784461152795e+03	7.701504629497322833e-03
1.007518796992481157e+03	7.705021891924682814e-03
1.009523809523809518e+03	7.709450509162938010e-03
1.011528822055137766e+03	7.714822458534662149e-03
1.013533834586466128e+03	7.721165751804153106e-03
1.015538847117794489e+03	7.728504409071141300e-03
1.017543859649122737e+03	7.736858449298855168e-03
1.019548872180451099e+03	7.746243896921406816e-03
1.021553884711779460e+03	7.756672803929707573e-03
1.023558897243107708e+03	7.768153286796510883e-03
1.025563909774436070e+03	7.780689577566311105e-03
1.027568922305764318e+03	7.794282088405361623e-03
1.029573934837092565e+03	7.808927488882833751e-03
1.031578947368421041e+03	7.824618795230747770e-03
1.033583959899749289e+03	7.841345470815825128e-03
1.035588972431077764e+03	7.859093537041346444e-03
1.037593984962406012e+03	7.877845693889282477e-03
1.039598997493734259e+03	7.897581449307139109e-03
1.041604010025062507e+03	7.918277256642024947e-03
1.043609022556390983e+03	7.939906659326463265e-03
1.045614035087719230e+03	7.962440442024334986e-03
1.047619047619047706e+03	7.985846787453707712e-03
1.049624060150375954e+03	8.010091438113535467e-03
1.051629072681704201e+03	8.035137862153681268e-03
1.053634085213032449e+03	8.060947422644113014e-03
1.055639097744360697e+03	8.087479549515849339e-03
1.057644110275689172e+03	8.114691913466344497e-03
1.059649122807017648e+03	8.142540601143246487e-03
1.061654135338345895e+03	8.170980290943872723e-03
1.063659147869674143e+03	8.199964428792153384e-03
1.065664160401002391e+03	8.229445403280534130e-03
1.067669172932330639e+03	8.259374719591882491e-03
1.069674185463659114e+03	8.289703171643960158e-03
1.071679197994987589e+03	8.320381011927972456e-03
1.073684210526315837e+03	8.351358118542486289e-03
1.075689223057644085e+03	8.382584158953430495e-03
1.077694235588972333e+03	8.414008750041638771e-03
1.079699248120300581e+03	8.445581614029872702e-03
1.081704260651629056e+03	8.477252729911686005e-03
1.083709273182957304e+03	8.508972480035559977e-03
1.085714285714285779e+03	8.540691791527757828e-03
1.087719298245614027e+03	8.572362272267703212e-03
1.089724310776942275e+03	8.603936341160061535e-03
1.091729323308270523e+03	8.635367352476398459e-03
1.093734335839598998e+03	8.666609714068209541e-03
1.095739348370927246e+03	8.697618999282737129e-03
1.097744360902255721e+03	8.728352052438327971e-03
1.099749373433583969e+03	8.758767087744912666e-03
1.101754385964912217e+03	8.788823781580332867e-03
1.103759398496240465e+03	8.818483358058244737e-03
1.105764411027568940e+03	8.847708667847814512e-03
1.107769423558897188e+03	8.876464260229135692e-03
1.109774436090225663e+03	8.904716448388985683e-03
1.111779448621553911e+03	8.932433367985376585e-03
1.113784461152882159e+03	8.959585029026492092e-03
1.115789473684210407e+03	8.986143361131132198e-03
1.117794486215538655e+03	9.012082252254539558e-03
1.119799498746867130e+03	9.037377580981014250e-03
1.121804511278195605e+03	9.062007242499848722e-03
1.123809523809523853e+03	9.085951168396388944e-03
1.125814536340852101e+03	9.109191340403964554e-03
1.127819548872180349e+03	9.131711798273970185e-03
1.129824561403508596e+03	9.153498641933358396e-03
1.131829573934837072e+03	9.174540028109905154e-03
1.133834586466165320e+03	9.194826161613479237e-03
1.135839598997493795e+03	9.214349281471261380e-03
1.137844611528822043e+03	9.233103642121421456e-03
1.139849624060150290e+03	9.251085489876345255e-03
1.141854636591478538e+03	9.268293034872168018e-03
1.143859649122807014e+03	9.284726418725127578e-03
1.145864661654135261e+03	9.300387678119947585e-03
1.147869674185463737e+03	9.315280704557591523e-03
1.149874686716791985e+03	9.329411200491462969e-03
1.151879699248120232e+03	9.342786632082917750e-03
1.153884711779448480e+03	9.355416178807170538e-03
1.155889724310776955e+03	9.367310680140369591e-03
1.157894736842105203e+03	9.378482579557530924e-03
1.159899749373433679e+03	9.388945866069782833e-03
1.161904761904761926e+03	9.398716013527068022e-03
1.163909774436090174e+03	9.407809917909468536e-03
1.165914786967418422e+03	9.416245832828094853e-03
1.167919799498746670e+03	9.424043303450872072e-03
1.169924812030075145e+03	9.431223099066448484e-03
1.171929824561403620e+03	9.437807144493885053e-03
1.173934837092731868e+03	9.443818450540313048e-03
1.175939849624060116e+03	9.449281043704894217e-03
1.177944862155388364e+03	9.454219895320340253e-03
1.179949874686716612e+03	9.458660850318167251e-03
1.181954887218045087e+03	9.462630555798075618e-03
1.183959899749373335e+03	9.466156389574362229e-03
1.185964912280701810e+03	9.469266388866642500e-03
1.187969924812030058e+03	9.471989179295890737e-03
1.189974937343358306e+03	9.474353904338352061e-03
1.191979949874686554e+03	9.476390155384874572e-03
1.193984962406015029e+03	9.478127902545036357e-03
1.195989974937343277e+03	9.479597426328785839e-03
1.197994987468671752e+03	9.480829250331395883e-03
1.200000000000000000e+03	9.481854075040157745e-03
