4.000000000000000000e+02	5.566282864376488441e-03
4.020050125313283047e+02	5.490649032245223209e-03
4.040100250626566663e+02	5.347090879906910010e-03
4.060150375939849710e+02	5.158998027078865768e-03
4.080200501253132757e+02	4.955164069119459037e-03
4.100250626566415804e+02	4.765368074599588520e-03
4.120300751879699419e+02	4.616169023595801356e-03
4.140350877192982466e+02	4.527472755150363515e-03
4.160401002506265513e+02	4.510263845005670069e-03
4.180451127819549129e+02	4.565695829815088862e-03
4.200501253132832176e+02	4.685532580074609939e-03
4.220551378446115223e+02	4.853757893485038770e-03
4.240601503759398270e+02	5.049039491162486508e-03
4.260651629072681885e+02	5.247659089433691360e-03
4.280701754385964932e+02	5.426504549737295145e-03
4.300751879699247979e+02	5.565757394649560597e-03
4.320802005012531026e+02	5.650986973290207313e-03
4.340852130325814642e+02	5.674465423353248356e-03
4.360902255639097689e+02	5.635628797145037644e-03
4.380952380952380736e+02	5.540714597524028923e-03
4.401002506265664351e+02	5.401693285016694220e-03
4.421052631578947398e+02	5.234674048663767384e-03
4.441102756892230445e+02	5.058000375755906421e-03
4.461152882205514061e+02	4.890259296352056709e-03
4.481203007518797108e+02	4.748412820123023778e-03
4.501253132832080155e+02	4.646225946500790425e-03
4.521303258145363202e+02	4.593118561781338663e-03
4.541353383458646817e+02	4.593514665991372224e-03
4.561403508771929864e+02	4.646707586229764306e-03
4.581453634085212911e+02	4.747209358125357992e-03
4.601503759398495959e+02	4.885510512417192037e-03
4.621553884711779574e+02	5.049146042014344277e-03
4.641604010025062621e+02	5.223945882114265984e-03
4.661654135338345668e+02	5.395343918778230941e-03
4.681704260651629284e+02	5.549627163682451826e-03
4.701754385964912331e+02	5.675024086316226603e-03
4.721804511278195378e+02	5.762555313125394471e-03
4.741854636591478993e+02	5.806597860105492184e-03
4.761904761904762040e+02	5.805142748727762196e-03
4.781954887218045087e+02	5.759752662878904472e-03
4.802005012531328134e+02	5.675249237244087488e-03
4.822055137844611181e+02	5.559177309855946672e-03
4.842105263157894797e+02	5.421105377599758600e-03
4.862155388471177844e+02	5.271827503605300454e-03
4.882205513784460891e+02	5.122532444092666240e-03
4.902255639097744506e+02	4.984001525013349691e-03
4.922305764411027553e+02	4.865888748456372905e-03
4.942355889724310600e+02	4.776125790382319478e-03
4.962406015037594216e+02	4.720482029950965989e-03
4.982456140350877263e+02	4.702296549262983093e-03
5.002506265664160310e+02	4.722386093887557743e-03
5.022556390977443357e+02	4.779121096165580597e-03
5.042606516290726404e+02	4.868651687468088414e-03
5.062656641604010019e+02	4.985257639124845812e-03
5.082706766917293066e+02	5.121790663027909682e-03
5.102756892230576113e+02	5.270174569746661174e-03
5.122807017543859729e+02	5.421928341231799231e-03
5.142857142857142208e+02	5.568678984708930364e-03
5.162907268170425823e+02	5.702634725738737163e-03
5.182957393483709438e+02	5.816994217299640765e-03
5.203007518796991917e+02	5.906273491655046615e-03
5.223057644110275533e+02	5.966538866675776681e-03
5.243107769423559148e+02	5.995540479786406508e-03
5.263157894736841627e+02	5.992747168577726088e-03
5.283208020050125242e+02	5.959288739751595135e-03
5.303258145363408858e+02	5.897816052392435178e-03
5.323308270676691336e+02	5.812292663924490191e-03
5.343358395989974952e+02	5.707734006792270637e-03
5.363408521303258567e+02	5.589911209989610261e-03
5.383458646616541046e+02	5.465036835495899400e-03
5.403508771929824661e+02	5.339449087540981860e-03
5.423558897243108277e+02	5.219309618710014746e-03
5.443609022556390755e+02	5.110328059464759425e-03
5.463659147869674371e+02	5.017523997159375332e-03
5.483709273182957986e+02	4.945034482415142617e-03
5.503759398496240465e+02	4.895972389786164454e-03
5.523809523809524080e+02	4.872338236971716918e-03
5.543859649122806559e+02	4.874985486849758506e-03
5.563909774436090174e+02	4.903637015433778140e-03
5.583959899749372653e+02	4.956948403075786373e-03
5.604010025062656268e+02	5.032612052085341792e-03
5.624060150375939884e+02	5.127494887014598726e-03
5.644110275689222362e+02	5.237801569370192749e-03
5.664160401002505978e+02	5.359254752170793459e-03
5.684210526315789593e+02	5.487283889431046092e-03
5.704260651629072072e+02	5.617214463683894814e-03
5.724310776942355687e+02	5.744450150910925153e-03
5.744360902255639303e+02	5.864641347576964037e-03
5.764411027568921781e+02	5.973834574400398688e-03
5.784461152882205397e+02	6.068598480024334219e-03
5.804511278195489012e+02	6.146123430802269590e-03
5.824561403508771491e+02	6.204292931342036618e-03
5.844611528822055107e+02	6.241726322468178420e-03
5.864661654135338722e+02	6.257793306067074672e-03
5.884711779448621201e+02	6.252601816976618293e-03
5.904761904761904816e+02	6.226961577880671742e-03
5.924812030075188432e+02	6.182326320967795018e-03
5.944862155388470910e+02	6.120718135603269751e-03
5.964912280701754526e+02	6.044637707703894892e-03
5.984962406015038141e+02	5.956964363301692038e-03
6.005012531328320620e+02	5.860849830026627731e-03
6.025062656641604235e+02	5.759609503290690977e-03
6.045112781954886714e+02	5.656614768166068861e-03
6.065162907268170329e+02	5.555189603569293810e-03
6.085213032581452808e+02	5.458514302647923463e-03
6.105263157894736423e+02	5.369538701802723663e-03
6.125313283208020039e+02	5.290906838981274812e-03
6.145363408521302517e+02	5.224894476656961190e-03
6.165413533834586133e+02	5.173360441456061054e-03
6.185463659147869748e+02	5.137712264074670993e-03
6.205513784461152227e+02	5.118886161419423410e-03
6.225563909774435842e+02	5.117340997398397984e-03
6.245614035087719458e+02	5.133065497199013755e-03
6.265664160401001936e+02	5.165597678094028915e-03
6.285714285714285552e+02	5.214055201901494213e-03
6.305764411027569167e+02	5.277175152542191820e-03
6.325814536340851646e+02	5.353361597389734092e-03
6.345864661654135261e+02	5.440739202441504524e-03
6.365914786967418877e+02	5.537211136469590185e-03
6.385964912280701355e+02	5.640519514682338503e-03
6.406015037593984971e+02	5.748306693382862313e-03
6.426065162907268586e+02	5.858175828104906883e-03
6.446115288220551065e+02	5.967749242522187719e-03
6.466165413533834680e+02	6.074723317414195377e-03
6.486215538847118296e+02	6.176918791283146637e-03
6.506265664160400775e+02	6.272325560037404074e-03
6.526315789473684390e+02	6.359141265915572994e-03
6.546365914786966869e+02	6.435803169384628208e-03
6.566416040100250484e+02	6.501012996555282329e-03
6.586466165413532963e+02	6.553754643875143483e-03
6.606516290726817715e+02	6.593304797432774679e-03
6.626566416040100194e+02	6.619236682911755487e-03
6.646616541353382672e+02	6.631417301690383306e-03
6.666666666666666288e+02	6.629998627222058807e-03
6.686716791979949903e+02	6.615403332840491882e-03
6.706766917293232382e+02	6.588305697396963125e-03
6.726817042606515997e+02	6.549608389122907673e-03
6.746867167919799613e+02	6.500415861802775683e-03
6.766917293233082091e+02	6.442005112111817006e-03
6.786967418546365707e+02	6.375794544504540147e-03
6.807017543859649322e+02	6.303311672214998752e-03
6.827067669172931801e+02	6.226160351766246021e-03
6.847117794486215416e+02	6.145988205943178108e-03
6.867167919799499032e+02	6.064454838515978378e-03
6.887218045112781510e+02	5.983201385100026144e-03
6.907268170426065126e+02	5.903821880297480812e-03
6.927318295739348741e+02	5.827836853450765221e-03
6.947368421052631220e+02	5.756669495568874848e-03
6.967418546365914835e+02	5.691624669730053696e-03
6.987468671679198451e+02	5.633870967819402768e-03
7.007518796992480929e+02	5.584425948970615262e-03
7.027568922305763408e+02	5.544144630533825654e-03
7.047619047619048160e+02	5.513711241616467418e-03
7.067669172932330639e+02	5.493634192935757492e-03
7.087719298245613118e+02	5.484244165428256261e-03
7.107769423558897870e+02	5.485695174214994495e-03
7.127819548872180349e+02	5.497968424422376363e-03
7.147869674185462827e+02	5.520878741204195139e-03
7.167919799498746443e+02	5.554083328188874104e-03
7.187969924812030058e+02	5.597092586479964979e-03
7.208020050125312537e+02	5.649282710166773740e-03
7.228070175438596152e+02	5.709909763878658236e-03
7.248120300751879768e+02	5.778124942980712546e-03
7.268170426065162246e+02	5.852990717240721431e-03
7.288220551378445862e+02	5.933497563812954907e-03
7.308270676691729477e+02	6.018581004754617984e-03
7.328320802005011956e+02	6.107138677543817729e-03
7.348370927318295571e+02	6.198047183701556502e-03
7.368421052631579187e+02	6.290178480114985531e-03
7.388471177944861665e+02	6.382415599482055800e-03
7.408521303258145281e+02	6.473667509918046813e-03
7.428571428571428896e+02	6.562882948659615190e-03
7.448621553884711375e+02	6.649063090467395055e-03
7.468671679197994990e+02	6.731272937287328430e-03
7.488721804511278606e+02	6.808651341536335437e-03
7.508771929824561084e+02	6.880419600626457022e-03
7.528822055137844700e+02	6.945888584669152391e-03
7.548872180451128315e+02	7.004464382393269135e-03
7.568922305764410794e+02	7.055652471901067632e-03
7.588972431077693273e+02	7.099060442758181599e-03
7.609022556390978025e+02	7.134399313900636856e-03
7.629072681704260503e+02	7.161483507825514017e-03
7.649122807017542982e+02	7.180229555436831723e-03
7.669172932330826598e+02	7.190653617716497720e-03
7.689223057644110213e+02	7.192867920086460504e-03
7.709273182957392692e+02	7.187076202966554729e-03
7.729323308270676307e+02	7.173568297684610427e-03
7.749373433583959923e+02	7.152713940655932266e-03
7.769423558897242401e+02	7.124955940739066164e-03
7.789473684210526017e+02	7.090802815023996425e-03
7.809523809523809632e+02	7.050821007163662543e-03
7.829573934837092111e+02	7.005626799872333339e-03
7.849624060150375726e+02	6.955878029540107747e-03
7.869674185463659342e+02	6.902265706209832243e-03
7.889724310776941820e+02	6.845505636583768330e-03
7.909774436090225436e+02	6.786330141425447882e-03
7.929824561403509051e+02	6.725479951837415662e-03
7.949874686716791530e+02	6.663696361568551343e-03
7.969924812030075145e+02	6.601713704857260605e-03
7.989974937343358761e+02	6.540252221472427942e-03
8.010025062656641239e+02	6.480011362672695625e-03
8.030075187969924855e+02	6.421663583871120920e-03
8.050125313283208470e+02	6.365848661945692176e-03
8.070175438596490949e+02	6.313168567457959172e-03
8.090225563909773427e+02	6.264182914598260057e-03
8.110275689223058180e+02	6.219405004520586928e-03
8.130325814536340658e+02	6.179298470917142690e-03
8.150375939849623137e+02	6.144274530248423211e-03
8.170426065162906752e+02	6.114689833023773634e-03
8.190476190476190368e+02	6.090844906946730163e-03
8.210526315789472847e+02	6.072983177615966753e-03
8.230576441102756462e+02	6.061290547823831865e-03
8.250626566416040077e+02	6.055895512324676114e-03
8.270676691729322556e+02	6.056869781261266066e-03
8.290726817042606172e+02	6.064229382236299010e-03
8.310776942355889787e+02	6.077936208294752035e-03
8.330827067669172266e+02	6.097899976830675750e-03
8.350877192982455881e+02	6.123980562639481234e-03
8.370927318295739497e+02	6.155990666987882533e-03
8.390977443609021975e+02	6.193698783651230798e-03
8.411027568922305591e+02	6.236832422353942931e-03
8.431077694235589206e+02	6.285081549918440300e-03
8.451127819548871685e+02	6.338102209661356824e-03
8.471177944862155300e+02	6.395520280145374804e-03
8.491228070175438916e+02	6.456935335275755528e-03
8.511278195488721394e+02	6.521924568894496739e-03
8.531328320802005010e+02	6.590046748445437148e-03
8.551378446115288625e+02	6.660846163929543332e-03
8.571428571428571104e+02	6.733856540214845816e-03
8.591478696741853582e+02	6.808604882779825153e-03
8.611528822055138335e+02	6.884615229123799106e-03
8.631578947368420813e+02	6.961412280345779732e-03
8.651629072681703292e+02	7.038524889746827426e-03
8.671679197994988044e+02	7.115489387722260563e-03
8.691729323308270523e+02	7.191852724656183464e-03
8.711779448621553001e+02	7.267175415986218412e-03
8.731829573934836617e+02	7.341034276047209151e-03
8.751879699248120232e+02	7.413024929711646907e-03
8.771929824561402711e+02	7.482764093198140433e-03
8.791979949874686326e+02	7.549891617702532767e-03
8.812030075187969942e+02	7.614072291703424811e-03
8.832080200501252421e+02	7.674997399889033588e-03
8.852130325814536036e+02	7.732386038637079594e-03
8.872180451127819651e+02	7.785986189840024725e-03
8.892230576441102130e+02	7.835575556599753272e-03
8.912280701754385746e+02	7.880962165910368813e-03
8.932330827067669361e+02	7.921984744900977676e-03
8.952380952380951840e+02	7.958512878520953085e-03
8.972431077694235455e+02	7.990446957714177068e-03
8.992481203007519071e+02	8.017717928150324552e-03
9.012531328320801549e+02	8.040286850456728265e-03
9.032581453634085165e+02	8.058144283633631930e-03
9.052631578947368780e+02	8.071309503934170904e-03
9.072681704260651259e+02	8.079829571962304086e-03
9.092731829573933737e+02	8.083778261084301545e-03
9.112781954887218490e+02	8.083254860475421605e-03
9.132832080200500968e+02	8.078382866235920071e-03
9.152882205513784584e+02	8.069308574019060445e-03
9.172932330827067062e+02	8.056199586525028197e-03
9.192982456140350678e+02	8.039243249037398079e-03
9.213032581453634293e+02	8.018645025920397365e-03
9.233082706766916772e+02	7.994626830663887837e-03
9.253132832080200387e+02	7.967425321668228713e-03
9.273182957393482866e+02	7.937290175507129286e-03
9.293233082706766481e+02	7.904482348906402903e-03
9.313283208020050097e+02	7.869272340131834229e-03
9.333333333333332575e+02	7.831938459902322916e-03
9.353383458646616191e+02	7.792765121337307498e-03
9.373433583959899806e+02	7.752041157820957137e-03
9.393483709273182285e+02	7.710058177021557671e-03
9.413533834586465900e+02	7.667108958652117494e-03
9.433583959899749516e+02	7.623485902899312765e-03
9.453634085213031994e+02	7.579479535790203081e-03
9.473684210526315610e+02	7.535377077111753835e-03
9.493734335839599225e+02	7.491461075851774121e-03
9.513784461152881704e+02	7.448008117495300701e-03
9.533834586466165320e+02	7.405287606889791874e-03
9.553884711779447798e+02	7.363560629789933643e-03
9.573934837092731414e+02	7.323078895608299554e-03
9.593984962406015029e+02	7.284083763337134178e-03
9.614035087719297508e+02	7.246805352066705043e-03
9.634085213032581123e+02	7.211461737012323306e-03
9.654135338345864739e+02	7.178258231473113107e-03
9.674185463659147217e+02	7.147386754684459387e-03
9.694235588972430833e+02	7.119025285090850412e-03
9.714285714285714448e+02	7.093337398159959770e-03
9.734335839598996927e+02	7.070471887479887370e-03
9.754385964912280542e+02	7.050562467530301601e-03
9.774436090225563021e+02	7.033727556196472594e-03
9.794486215538846636e+02	7.020070134799911467e-03
9.814536340852130252e+02	7.009677683151498660e-03
9.834586466165412730e+02	7.002622186893782581e-03
9.854636591478696346e+02	6.998960214183917380e-03
9.874686716791979961e+02	6.998733058580811246e-03
9.894736842105262440e+02	7.001966944838111488e-03
9.914786967418546055e+02	7.008673294164532996e-03
9.934837092731829671e+02	7.018849045398302053e-03
9.954887218045112149e+02	7.032477028450953918e-03
9.974937343358395765e+02	7.049526386303441028e-03
9.994987468671679380e+02	7.069953041788667493e-03
1.001503759398496186e+03	7.093700205364313754e-03
1.003508771929824547e+03	7.120698920067937594e-03
1.005513784461152795e+03	7.150868639853722418e-03
1.007518796992481157e+03	7.184117837533363256e-03
1.009523809523809518e+03	7.220344638582468222e-03
1.011528822055137766e+03	7.259437477128481350e-03
1.013533834586466128e+03	7.301275770502864068e-03
1.015538847117794489e+03	7.345730608822216567e-03
1.017543859649122737e+03	7.392665456152867735e-03
1.019548872180451099e+03	7.441936859918472924e-03
1.021553884711779460e+03	7.493395165320500262e-03
1.023558897243107708e+03	7.546885231663975034e-03
1.025563909774436070e+03	7.602247147608516900e-03
1.027568922305764318e+03	7.659316942499910796e-03
1.029573934837092565e+03	7.717927291080141187e-03
1.031578947368421041e+03	7.777908209016947023e-03
1.033583959899749289e+03	7.839087736846925281e-03
1.035588972431077764e+03	7.901292610076748532e-03
1.037593984962406012e+03	7.964348913343908751e-03
1.039598997493734259e+03	8.028082716694235829e-03
1.041604010025062507e+03	8.092320692191323425e-03
1.043609022556390983e+03	8.156890709230530181e-03
1.045614035087719230e+03	8.221622407086272288e-03
1.047619047619047706e+03	8.286347743377638422e-03
1.049624060150375954e+03	8.350901517290183762e-03
1.051629072681704201e+03	8.415121866542323373e-03
1.053634085213032449e+03	8.478850737233332990e-03
1.055639097744360697e+03	8.541934325853582990e-03
1.057644110275689172e+03	8.604223492877571475e-03
1.059649122807017648e+03	8.665574147496793098e-03
1.061654135338345895e+03	8.725847603179726769e-03
1.063659147869674143e+03	8.784910903872528848e-03
1.065664160401002391e+03	8.842637120773880893e-03
1.067669172932330639e+03	8.898905619732899036e-03
1.069674185463659114e+03	8.953602299427244893e-03
1.071679197994987589e+03	9.006619800582010837e-03
1.073684210526315837e+03	9.057857686586375315e-03
1.075689223057644085e+03	9.107222595955576441e-03
1.077694235588972333e+03	9.154628367170358078e-03
1.079699248120300581e+03	9.199996136503282851e-03
1.081704260651629056e+03	9.243254409513393041e-03
1.083709273182957304e+03	9.284339106956298812e-03
1.085714285714285779e+03	9.323193585914940282e-03
1.087719298245614027e+03	9.359768637010162581e-03
1.089724310776942275e+03	9.394022458597146505e-03
1.091729323308270523e+03	9.425920608894267430e-03
1.093734335839598998e+03	9.455435937026739068e-03
1.095739348370927246e+03	9.482548493997943612e-03
1.097744360902255721e+03	9.507245424624236052e-03
1.099749373433583969e+03	9.529520841489910396e-03
1.101754385964912217e+03	9.549375681992844714e-03
1.103759398496240465e+03	9.566817549560685183e-03
1.105764411027568940e+03	9.581860540122964787e-03
1.107769423558897188e+03	9.594525054926052871e-03
1.109774436090225663e+03	9.604837600772912071e-03
1.111779448621553911e+03	9.612830578765878264e-03
1.113784461152882159e+03	9.618542062616718125e-03
1.115789473684210407e+03	9.622015567577527767e-03
1.117794486215538655e+03	9.623299811027984443e-03
1.119799498746867130e+03	9.622448465735237294e-03
1.121804511278195605e+03	9.619519906780910762e-03
1.123809523809523853e+03	9.614576953125163541e-03
1.125814536340852101e+03	9.607686604752103260e-03
1.127819548872180349e+03	9.598919776311724134e-03
1.129824561403508596e+03	9.588351028143985572e-03
1.131829573934837072e+03	9.576058295540351012e-03
1.133834586466165320e+03	9.562122617063986002e-03
1.135839598997493795e+03	9.546627862717824500e-03
1.137844611528822043e+03	9.529660462714490549e-03
1.139849624060150290e+03	9.511309137567482488e-03
1.141854636591478538e+03	9.491664630187678434e-03
1.143859649122807014e+03	9.470819440632377920e-03
1.145864661654135261e+03	9.448867564120069784e-03
1.147869674185463737e+03	9.425904232885898640e-03
1.149874686716791985e+03	9.402025662418333346e-03
1.151879699248120232e+03	9.377328802580929545e-03
1.153884711779448480e+03	9.351911094088226004e-03
1.155889724310776955e+03	9.325870230769391436e-03
1.157894736842105203e+03	9.299303928018557916e-03
1.159899749373433679e+03	9.272309697797334951e-03
1.161904761904761926e+03	9.244984630521200716e-03
1.163909774436090174e+03	9.217425184129034513e-03
1.165914786967418422e+03	9.189726980604058515e-03
1.167919799498746670e+03	9.161984610181703528e-03
1.169924812030075145e+03	9.134291443452043427e-03
1.171929824561403620e+03	9.106739451534274360e-03
1.173934837092731868e+03	9.079419034472163003e-03
1.175939849624060116e+03	9.052418857973667382e-03
1.177944862155388364e+03	9.025825698590434973e-03
1.179949874686716612e+03	8.999724297408581014e-03
1.181954887218045087e+03	8.974197222298538681e-03
1.183959899749373335e+03	8.949324738747686109e-03
1.185964912280701810e+03	8.925184689278390510e-03
1.187969924812030058e+03	8.901852381433872363e-03
1.189974937343358306e+03	8.879400484292719609e-03
1.191979949874686554e+03	8.857898933456323856e-03
1.193984962406015029e+03	8.837414844434326316e-03
1.195989974937343277e+03	8.818012434337232919e-03
1.197994987468671752e+03	8.799752951769967621e-03
1.200000000000000000e+03	8.782694614804761532e-03
